seed_0	seed_1	mean	std	max	min
[[292.87408 307.61176 248.50119 ... 298.129   298.86606 312.91577]
 [390.76138 376.9992  389.8604  ... 407.2505  345.4602  342.79272]
 [352.53067 391.02985 332.20233 ... 408.05246 400.0836  381.48334]
 ...
 [377.2448  346.756   368.6178  ... 424.60654 397.0502  398.22794]
 [441.14865 425.34454 480.94058 ... 428.0555  422.02435 444.59927]
 [423.7575  442.66885 456.49182 ... 462.25708 464.15927 427.91507]]	[[309.97147 336.85196 376.12045 ... 282.30838 343.18054 303.16446]
 [396.10794 351.30426 427.70615 ... 376.65033 372.53983 350.02737]
 [262.07553 411.67865 399.89124 ... 459.5076  402.47757 406.22668]
 ...
 [449.3881  453.15472 450.93533 ... 394.02335 421.55078 414.39557]
 [435.52557 422.07947 405.8464  ... 427.74374 370.72675 396.6865 ]
 [393.8689  392.0927  438.91196 ... 371.34058 440.76758 427.03894]]	[[301.4228  322.23187 312.31082 ... 290.2187  321.02332 308.0401 ]
 [393.43466 364.15173 408.78326 ... 391.9504  359.      346.41003]
 [307.3031  401.35425 366.04678 ... 433.78003 401.28058 393.855  ]
 ...
 [413.31647 399.95538 409.77655 ... 409.31494 409.30048 406.31177]
 [438.3371  423.712   443.3935  ... 427.89963 396.37555 420.64288]
 [408.8132  417.3808  447.7019  ... 416.79883 452.46344 427.477  ]]	[[ 8.548691   14.620102   63.80963    ...  7.910309   22.157242
   4.875656  ]
 [ 2.6732788  12.847473   18.922867   ... 15.300079   13.53981
   3.6173248 ]
 [45.22757    10.324402   33.84445    ... 25.72757     1.196991
  12.371674  ]
 ...
 [36.07164    53.199356   41.158768   ... 15.291595   12.25029
   8.083817  ]
 [ 2.8115387   1.6325378  37.54709    ...  0.15588379 25.648804
  23.95639   ]
 [14.944305   25.28807     8.789932   ... 45.458252   11.695847
   0.43806458]]	[[309.97147 336.85196 376.12045 ... 298.129   343.18054 312.91577]
 [396.10794 376.9992  427.70615 ... 407.2505  372.53983 350.02737]
 [352.53067 411.67865 399.89124 ... 459.5076  402.47757 406.22668]
 ...
 [449.3881  453.15472 450.93533 ... 424.60654 421.55078 414.39557]
 [441.14865 425.34454 480.94058 ... 428.0555  422.02435 444.59927]
 [423.7575  442.66885 456.49182 ... 462.25708 464.15927 427.91507]]	[[292.87408 307.61176 248.50119 ... 282.30838 298.86606 303.16446]
 [390.76138 351.30426 389.8604  ... 376.65033 345.4602  342.79272]
 [262.07553 391.02985 332.20233 ... 408.05246 400.0836  381.48334]
 ...
 [377.2448  346.756   368.6178  ... 394.02335 397.0502  398.22794]
 [435.52557 422.07947 405.8464  ... 427.74374 370.72675 396.6865 ]
 [393.8689  392.0927  438.91196 ... 371.34058 440.76758 427.03894]]
