seed_0	seed_1	mean	std	max	min
[[  1.8758025  29.513412  -24.922667  ...  10.006351   11.249847
   42.046917 ]
 [ 22.529257   10.388432   21.196177  ...  95.59789     5.4358606
    3.297404 ]
 [  2.358137   40.833755  -10.588795  ...  85.48745    61.342945
   25.54469  ]
 ...
 [269.2252    252.52585   264.3284    ... 297.45654   280.8873
  281.6288   ]
 [319.4725    308.2676    339.9718    ... 310.30652   305.73145
  321.64127  ]
 [296.1934    308.80508   318.86758   ... 323.35712   324.86996
  298.9032   ]]	[[ 42.08083   123.38246   196.49338   ...   3.8213315 139.81633
   25.754707 ]
 [ 17.664587  -18.286383  105.92871   ...  -5.3088336  -8.214298
  -18.218895 ]
 [-46.551765  124.7367     86.206245  ... 211.99965    95.23009
  107.81446  ]
 ...
 [306.78638   308.21545   307.35355   ... 281.82028   296.39142
  292.9775   ]
 [312.9057    305.4584    297.0838    ... 308.5762    282.11734
  292.84     ]
 [284.44043   283.60263   305.93393   ... 273.7735    306.74442
  300.39847  ]]	[[ 21.978315   76.44794    85.785355  ...   6.9138412  75.53309
   33.90081  ]
 [ 20.096922   -3.9489756  63.562443  ...  45.14453    -1.3892188
   -7.4607453]
 [-22.096815   82.78523    37.808723  ... 148.74355    78.286514
   66.67957  ]
 ...
 [288.0058    280.37067   285.84097   ... 289.63843   288.63934
  287.30316  ]
 [316.1891    306.863     318.5278    ... 309.44135   293.92438
  307.24063  ]
 [290.3169    296.20386   312.40076   ... 298.5653    315.8072
  299.65082  ]]	[[ 20.102512   46.934525  110.70802   ...   3.09251    64.28324
    8.146105 ]
 [  2.432335   14.337407   42.366264  ...  50.453365    6.8250794
   10.758149 ]
 [ 24.454952   41.951473   48.39752   ...  63.2561     16.943571
   41.134888 ]
 ...
 [ 18.780594   27.844803   21.512573  ...   7.8181305   7.75206
    5.674347 ]
 [  3.2834015   1.404602   21.444     ...   0.8651581  11.807053
   14.400635 ]
 [  5.87648    12.601227    6.4668274 ...  24.79181     9.062775
    0.7476349]]	[[ 42.08083   123.38246   196.49338   ...  10.006351  139.81633
   42.046917 ]
 [ 22.529257   10.388432  105.92871   ...  95.59789     5.4358606
    3.297404 ]
 [  2.358137  124.7367     86.206245  ... 211.99965    95.23009
  107.81446  ]
 ...
 [306.78638   308.21545   307.35355   ... 297.45654   296.39142
  292.9775   ]
 [319.4725    308.2676    339.9718    ... 310.30652   305.73145
  321.64127  ]
 [296.1934    308.80508   318.86758   ... 323.35712   324.86996
  300.39847  ]]	[[  1.8758025  29.513412  -24.922667  ...   3.8213315  11.249847
   25.754707 ]
 [ 17.664587  -18.286383   21.196177  ...  -5.3088336  -8.214298
  -18.218895 ]
 [-46.551765   40.833755  -10.588795  ...  85.48745    61.342945
   25.54469  ]
 ...
 [269.2252    252.52585   264.3284    ... 281.82028   280.8873
  281.6288   ]
 [312.9057    305.4584    297.0838    ... 308.5762    282.11734
  292.84     ]
 [284.44043   283.60263   305.93393   ... 273.7735    306.74442
  298.9032   ]]
