seed_0	seed_1	mean	std	max	min
[[-89.16414  -87.470146 -93.483086 ... -88.61749  -88.53953  -86.77608 ]
 [-84.00829  -85.499985 -84.11303  ... -81.77742  -89.379074 -89.77987 ]
 [-91.06405  -87.76997  -94.40405  ... -86.18434  -86.96908  -88.48816 ]
 ...
 [-92.1126   -95.33924  -93.17678  ... -87.351364 -89.82596  -89.70683 ]
 [-87.44808  -89.00212  -82.70549  ... -88.77166  -89.256195 -87.07523 ]
 [-88.874245 -87.13879  -85.48487  ... -84.735245 -84.48159  -88.533936]]	[[ -87.035416  -83.590706  -77.07899  ...  -91.934814  -82.815895
   -88.0619  ]
 [ -85.30437   -92.38128   -81.9747   ...  -87.506096  -88.125046
   -92.60798 ]
 [-106.18616   -85.88007   -87.60885  ...  -77.31932   -87.191154
   -86.62974 ]
 ...
 [ -85.53505   -85.11757   -85.36998  ...  -92.285034  -88.37065
   -89.25586 ]
 [ -86.72101   -88.06509   -90.08045  ...  -87.459175  -94.80934
   -91.335625]
 [ -92.2247    -92.50018   -86.90095  ...  -95.6838    -86.724655
   -88.01318 ]]	[[-88.09978  -85.530426 -85.28104  ... -90.27615  -85.67771  -87.41899 ]
 [-84.65633  -88.94063  -83.04387  ... -84.641754 -88.75206  -91.193924]
 [-98.62511  -86.82503  -91.006454 ... -81.75183  -87.08012  -87.558945]
 ...
 [-88.82382  -90.22841  -89.27338  ... -89.8182   -89.098305 -89.481346]
 [-87.08455  -88.5336   -86.392975 ... -88.11542  -92.03277  -89.20543 ]
 [-90.54947  -89.81949  -86.19291  ... -90.20952  -85.60312  -88.27356 ]]	[[1.0643616  1.9397202  8.202049   ... 1.6586609  2.8618164  0.64291   ]
 [0.64803696 3.4406471  1.0691643  ... 2.864338   0.62701416 1.4140549 ]
 [7.561054   0.9449501  3.397602   ... 4.4325104  0.11103821 0.92921066]
 ...
 [3.2887764  5.110836   3.9034004  ... 2.466835   0.7276535  0.22548676]
 [0.36353683 0.4685173  3.687481   ... 0.6562424  2.7765732  2.1301956 ]
 [1.6752281  2.6806984  0.70803833 ... 5.4742775  1.1215324  0.26037598]]	[[-87.035416 -83.590706 -77.07899  ... -88.61749  -82.815895 -86.77608 ]
 [-84.00829  -85.499985 -81.9747   ... -81.77742  -88.125046 -89.77987 ]
 [-91.06405  -85.88007  -87.60885  ... -77.31932  -86.96908  -86.62974 ]
 ...
 [-85.53505  -85.11757  -85.36998  ... -87.351364 -88.37065  -89.25586 ]
 [-86.72101  -88.06509  -82.70549  ... -87.459175 -89.256195 -87.07523 ]
 [-88.874245 -87.13879  -85.48487  ... -84.735245 -84.48159  -88.01318 ]]	[[ -89.16414   -87.470146  -93.483086 ...  -91.934814  -88.53953
   -88.0619  ]
 [ -85.30437   -92.38128   -84.11303  ...  -87.506096  -89.379074
   -92.60798 ]
 [-106.18616   -87.76997   -94.40405  ...  -86.18434   -87.191154
   -88.48816 ]
 ...
 [ -92.1126    -95.33924   -93.17678  ...  -92.285034  -89.82596
   -89.70683 ]
 [ -87.44808   -89.00212   -90.08045  ...  -88.77166   -94.80934
   -91.335625]
 [ -92.2247    -92.50018   -86.90095  ...  -95.6838    -86.724655
   -88.533936]]
