seed_0	seed_1	mean	std	max	min
[[-86.58804  -86.61638  -86.61247  ... -86.61691  -86.63101  -86.30861 ]
 [-86.56448  -86.5967   -86.61627  ... -86.582405 -86.651375 -86.59825 ]
 [-86.58505  -86.83635  -86.58357  ... -86.61354  -86.603546 -86.64115 ]
 ...
 [-86.65497  -86.58666  -86.41306  ... -86.63561  -86.54859  -86.413864]
 [-86.32983  -86.54064  -86.43517  ... -86.5971   -86.57097  -86.67088 ]
 [-86.55497  -86.573845 -86.59347  ... -86.56804  -86.57412  -86.53268 ]]	[[-86.84318  -86.671135 -86.76994  ... -86.60558  -86.44949  -86.54531 ]
 [-86.573814 -86.242065 -86.640114 ... -86.56698  -86.68927  -86.577415]
 [-86.67474  -86.5156   -86.65583  ... -86.8314   -86.83719  -86.874886]
 ...
 [-86.54972  -86.57249  -86.689316 ... -87.0383   -86.588715 -86.686   ]
 [-86.8511   -86.522026 -86.50843  ... -86.647064 -86.668365 -86.715775]
 [-86.54566  -86.38952  -85.840645 ... -86.956505 -86.650055 -86.59295 ]]	[[-86.71561  -86.64375  -86.69121  ... -86.61125  -86.54025  -86.426956]
 [-86.56915  -86.41939  -86.62819  ... -86.57469  -86.67032  -86.58783 ]
 [-86.6299   -86.67598  -86.619705 ... -86.72247  -86.72037  -86.75802 ]
 ...
 [-86.60234  -86.579575 -86.55119  ... -86.83696  -86.56865  -86.54993 ]
 [-86.59046  -86.531334 -86.4718   ... -86.622086 -86.61967  -86.69333 ]
 [-86.550316 -86.48168  -86.21706  ... -86.76227  -86.61209  -86.56281 ]]	[[0.12756729 0.02737808 0.07873535 ... 0.00566483 0.09075928 0.11835098]
 [0.00466538 0.17731857 0.01192093 ... 0.00771332 0.0189476  0.01041794]
 [0.04484558 0.16037369 0.036129   ... 0.10892868 0.11682129 0.11686707]
 ...
 [0.05262375 0.00708771 0.13812637 ... 0.20134354 0.02006149 0.13606644]
 [0.26063538 0.00930786 0.03662872 ... 0.02498245 0.04869843 0.02244568]
 [0.00465393 0.09216309 0.37641144 ... 0.19423294 0.03796768 0.03013611]]	[[-86.58804  -86.61638  -86.61247  ... -86.60558  -86.44949  -86.30861 ]
 [-86.56448  -86.242065 -86.61627  ... -86.56698  -86.651375 -86.577415]
 [-86.58505  -86.5156   -86.58357  ... -86.61354  -86.603546 -86.64115 ]
 ...
 [-86.54972  -86.57249  -86.41306  ... -86.63561  -86.54859  -86.413864]
 [-86.32983  -86.522026 -86.43517  ... -86.5971   -86.57097  -86.67088 ]
 [-86.54566  -86.38952  -85.840645 ... -86.56804  -86.57412  -86.53268 ]]	[[-86.84318  -86.671135 -86.76994  ... -86.61691  -86.63101  -86.54531 ]
 [-86.573814 -86.5967   -86.640114 ... -86.582405 -86.68927  -86.59825 ]
 [-86.67474  -86.83635  -86.65583  ... -86.8314   -86.83719  -86.874886]
 ...
 [-86.65497  -86.58666  -86.689316 ... -87.0383   -86.588715 -86.686   ]
 [-86.8511   -86.54064  -86.50843  ... -86.647064 -86.668365 -86.715775]
 [-86.55497  -86.573845 -86.59347  ... -86.956505 -86.650055 -86.59295 ]]
