seed_0	seed_1	mean	std	max	min
[[109.869446 119.77409  175.1065   ... 175.96748  118.46646  101.860916]
 [111.272    208.3473   152.70168  ... 150.78078  135.21739  157.51562 ]
 [181.90749  203.63094  248.0076   ... 215.02094  256.85168  249.22928 ]
 ...
 [313.93237  301.50433  355.5529   ... 315.2235   345.97858  308.7007  ]
 [350.72443  325.96634  319.70514  ... 308.05054  330.10272  333.40567 ]
 [354.8933   337.17697  333.9731   ... 365.76505  321.6327   342.50177 ]]	[[186.1462  185.18753 109.41792 ... 155.6213  124.84209 167.67819]
 [132.0309  170.92203 183.09258 ... 144.1454  126.12109 151.40146]
 [210.60292 160.99615 222.78699 ... 217.55962 179.53526 235.00757]
 ...
 [314.5348  331.79144 322.41397 ... 323.72305 328.75693 316.45242]
 [333.79352 309.8111  318.94144 ... 329.03604 325.50885 318.31705]
 [337.88376 343.8372  336.41168 ... 326.09872 351.6144  344.57498]]	[[148.00781  152.4808   142.2622   ... 165.7944   121.654274 134.76956 ]
 [121.65145  189.63467  167.89713  ... 147.46309  130.66925  154.45854 ]
 [196.2552   182.31354  235.3973   ... 216.29028  218.19348  242.11842 ]
 ...
 [314.23358  316.6479   338.98343  ... 319.47327  337.36774  312.57657 ]
 [342.25897  317.88873  319.3233   ... 318.54327  327.8058   325.86136 ]
 [346.38855  340.50708  335.19238  ... 345.9319   336.62354  343.5384  ]]	[[38.138374  32.70672   32.84429   ... 10.173088   3.1878128 32.908638 ]
 [10.379448  18.712639  15.19545   ...  3.317688   4.548149   3.0570831]
 [14.347717  21.31739   12.610306  ...  1.2693405 38.65821    7.110855 ]
 ...
 [ 0.3012085 15.143555  16.569458  ...  4.249771   8.610825   3.8758545]
 [ 8.465454   8.077621   0.3818512 ... 10.492752   2.296936   7.5443115]
 [ 8.504776   3.3301086  1.219284  ... 19.83316   14.99086    1.0366058]]	[[186.1462  185.18753 175.1065  ... 175.96748 124.84209 167.67819]
 [132.0309  208.3473  183.09258 ... 150.78078 135.21739 157.51562]
 [210.60292 203.63094 248.0076  ... 217.55962 256.85168 249.22928]
 ...
 [314.5348  331.79144 355.5529  ... 323.72305 345.97858 316.45242]
 [350.72443 325.96634 319.70514 ... 329.03604 330.10272 333.40567]
 [354.8933  343.8372  336.41168 ... 365.76505 351.6144  344.57498]]	[[109.869446 119.77409  109.41792  ... 155.6213   118.46646  101.860916]
 [111.272    170.92203  152.70168  ... 144.1454   126.12109  151.40146 ]
 [181.90749  160.99615  222.78699  ... 215.02094  179.53526  235.00757 ]
 ...
 [313.93237  301.50433  322.41397  ... 315.2235   328.75693  308.7007  ]
 [333.79352  309.8111   318.94144  ... 308.05054  325.50885  318.31705 ]
 [337.88376  337.17697  333.9731   ... 326.09872  321.6327   342.50177 ]]
