seed_0	seed_1	mean	std	max	min
[[171.15201 144.33014 150.31508 ... 143.34163 100.97455 205.98018]
 [163.67603 158.647   152.37132 ... 161.68475 147.24084 158.02708]
 [175.63737 151.18518 175.81615 ... 170.81612 172.53891 167.37857]
 ...
 [326.64465 331.5713  341.72794 ... 327.9769  334.23468 341.6675 ]
 [346.1039  336.3955  341.10565 ... 333.43173 334.87003 328.96045]
 [339.6916  336.58514 334.5082  ... 337.4488  336.58246 342.81708]]	[[ 58.704494 140.29146   79.96445  ... 157.84703  182.52878  169.45209 ]
 [155.53899  168.87654  153.02832  ... 155.81534  151.426    155.37599 ]
 [167.34552  173.54271  168.01941  ... 162.41412  162.21323  160.89551 ]
 ...
 [331.76868  331.00278  327.1258   ... 316.00815  330.4661   327.2156  ]
 [326.8654   335.8592   336.21616  ... 332.8401   332.28094  330.95465 ]
 [342.2378   347.25964  366.6081   ... 330.8862   338.74796  340.59854 ]]	[[114.92825 142.31079 115.13976 ... 150.59433 141.75166 187.71613]
 [159.60751 163.76178 152.69983 ... 158.75005 149.33342 156.70154]
 [171.49146 162.36395 171.91779 ... 166.61511 167.37607 164.13704]
 ...
 [329.20667 331.28705 334.42688 ... 321.99252 332.3504  334.44156]
 [336.48465 336.12735 338.6609  ... 333.13593 333.5755  329.95755]
 [340.9647  341.9224  350.55817 ... 334.16748 337.66522 341.70782]]	[[56.22376     2.0193405  35.175316   ...  7.252701   40.777115
  18.264046  ]
 [ 4.0685196   5.114769    0.32849884 ...  2.9347076   2.092575
   1.3255463 ]
 [ 4.1459274  11.178764    3.8983688  ...  4.2009964   5.162842
   3.2415314 ]
 ...
 [ 2.5620117   0.28425598  7.301071   ...  5.984375    1.8842926
   7.225952  ]
 [ 9.619263    0.26815796  2.444748   ...  0.29582214  1.2945404
   0.99710083]
 [ 1.2731018   5.3372498  16.049942   ...  3.2812958   1.0827484
   1.1092682 ]]	[[171.15201 144.33014 150.31508 ... 157.84703 182.52878 205.98018]
 [163.67603 168.87654 153.02832 ... 161.68475 151.426   158.02708]
 [175.63737 173.54271 175.81615 ... 170.81612 172.53891 167.37857]
 ...
 [331.76868 331.5713  341.72794 ... 327.9769  334.23468 341.6675 ]
 [346.1039  336.3955  341.10565 ... 333.43173 334.87003 330.95465]
 [342.2378  347.25964 366.6081  ... 337.4488  338.74796 342.81708]]	[[ 58.704494 140.29146   79.96445  ... 143.34163  100.97455  169.45209 ]
 [155.53899  158.647    152.37132  ... 155.81534  147.24084  155.37599 ]
 [167.34552  151.18518  168.01941  ... 162.41412  162.21323  160.89551 ]
 ...
 [326.64465  331.00278  327.1258   ... 316.00815  330.4661   327.2156  ]
 [326.8654   335.8592   336.21616  ... 332.8401   332.28094  328.96045 ]
 [339.6916   336.58514  334.5082   ... 330.8862   336.58246  340.59854 ]]
