seed_0	seed_1	mean	std	max	min
[[106.87561  145.02719   19.909801 ... 121.4821   123.41411  155.66658 ]
 [189.32115  177.21616  188.48871  ... 206.79642  148.98924  146.27396 ]
 [135.81789  175.5639   114.34956  ... 193.4677   184.88882  165.93599 ]
 ...
 [308.8611   298.69418  305.83777  ... 328.72208  316.41278  316.90253 ]
 [335.42694  326.34747  361.4975   ... 327.9087   324.47125  337.42468 ]
 [329.2252   339.23322  347.88376  ... 352.05106  353.5004   331.34073 ]]	[[146.52985  175.13162  205.51082  ...  94.560776 180.5031   134.84558 ]
 [180.5926   129.42897  213.65341  ... 161.79211  157.18349  127.84387 ]
 [ 78.555984 206.99614  193.72858  ... 247.31934  196.8996   201.25493 ]
 ...
 [336.30853  337.63885  336.84003  ... 318.00348  327.28735  325.07043 ]
 [331.88797  326.447    320.5887   ... 328.70117  308.3766   317.4386  ]
 [322.09286  321.37738  341.61166  ... 312.80252  342.65085  335.52896 ]]	[[126.70273  160.0794   112.71031  ... 108.02144  151.9586   145.25607 ]
 [184.95688  153.32257  201.07106  ... 184.29427  153.08636  137.05891 ]
 [107.186935 191.28003  154.03906  ... 220.39352  190.89421  183.59546 ]
 ...
 [322.58484  318.1665   321.3389   ... 323.3628   321.85007  320.98648 ]
 [333.65747  326.39722  341.0431   ... 328.30493  316.42392  327.43164 ]
 [325.65903  330.3053   344.7477   ... 332.4268   348.07562  333.43484 ]]	[[1.9827118e+01 1.5052216e+01 9.2800507e+01 ... 1.3460663e+01
  2.8544495e+01 1.0410500e+01]
 [4.3642731e+00 2.3893593e+01 1.2582352e+01 ... 2.2502151e+01
  4.0971222e+00 9.2150421e+00]
 [2.8630951e+01 1.5716118e+01 3.9689507e+01 ... 2.6925819e+01
  6.0053864e+00 1.7659470e+01]
 ...
 [1.3723709e+01 1.9472336e+01 1.5501129e+01 ... 5.3592987e+00
  5.4372864e+00 4.0839539e+00]
 [1.7694855e+00 4.9758915e-02 2.0454391e+01 ... 3.9624023e-01
  8.0473328e+00 9.9930420e+00]
 [3.5661621e+00 8.9279175e+00 3.1360474e+00 ... 1.9624268e+01
  5.4247742e+00 2.0941162e+00]]	[[146.52985 175.13162 205.51082 ... 121.4821  180.5031  155.66658]
 [189.32115 177.21616 213.65341 ... 206.79642 157.18349 146.27396]
 [135.81789 206.99614 193.72858 ... 247.31934 196.8996  201.25493]
 ...
 [336.30853 337.63885 336.84003 ... 328.72208 327.28735 325.07043]
 [335.42694 326.447   361.4975  ... 328.70117 324.47125 337.42468]
 [329.2252  339.23322 347.88376 ... 352.05106 353.5004  335.52896]]	[[106.87561  145.02719   19.909801 ...  94.560776 123.41411  134.84558 ]
 [180.5926   129.42897  188.48871  ... 161.79211  148.98924  127.84387 ]
 [ 78.555984 175.5639   114.34956  ... 193.4677   184.88882  165.93599 ]
 ...
 [308.8611   298.69418  305.83777  ... 318.00348  316.41278  316.90253 ]
 [331.88797  326.34747  320.5887   ... 327.9087   308.3766   317.4386  ]
 [322.09286  321.37738  341.61166  ... 312.80252  342.65085  331.34073 ]]
