seed_0	seed_1	mean	std	max	min
[[-86.46333  -86.548775 -86.53166  ... -86.55135  -86.60622  -86.23288 ]
 [-86.59176  -86.69566  -86.80197  ... -86.63617  -86.87823  -86.70771 ]
 [-86.56077  -86.92239  -86.55731  ... -86.64754  -86.616165 -86.70338 ]
 ...
 [-86.75898  -86.619354 -86.34815  ... -86.72261  -86.54081  -86.34949 ]
 [-86.33443  -86.55445  -86.42721  ... -86.64606  -86.601074 -86.77068 ]
 [-86.56736  -86.65011  -86.7101   ... -86.62584  -86.65023  -86.494774]]	[[-86.901146 -86.69624  -86.81258  ... -86.615    -86.43648  -86.543465]
 [-86.59552  -86.23097  -86.677185 ... -86.58734  -86.7354   -86.599884]
 [-86.639626 -86.44974  -86.616325 ... -86.819466 -86.82614  -86.86831 ]
 ...
 [-86.561226 -86.5887   -86.724724 ... -87.12029  -86.607895 -86.72133 ]
 [-86.90127  -86.550865 -86.53605  ... -86.68472  -86.70703  -86.75841 ]
 [-86.52265  -86.35514  -85.99834  ... -86.99939  -86.65176  -86.581215]]	[[-86.682236 -86.62251  -86.67212  ... -86.583176 -86.52135  -86.38817 ]
 [-86.59364  -86.46332  -86.73958  ... -86.611755 -86.80681  -86.65379 ]
 [-86.6002   -86.686066 -86.58682  ... -86.733505 -86.72115  -86.78584 ]
 ...
 [-86.6601   -86.60403  -86.53644  ... -86.92145  -86.574356 -86.53541 ]
 [-86.61784  -86.55266  -86.48163  ... -86.66539  -86.65405  -86.76454 ]
 [-86.545006 -86.502625 -86.35422  ... -86.812614 -86.65099  -86.537994]]	[[0.2189064  0.07373428 0.14045715 ... 0.0318222  0.08486938 0.15529251]
 [0.00188065 0.23234558 0.06239319 ... 0.02441406 0.07141495 0.05391312]
 [0.03942871 0.23632812 0.02950668 ... 0.0859642  0.1049881  0.08246613]
 ...
 [0.09887695 0.01532745 0.18828583 ... 0.1988411  0.03354263 0.18592072]
 [0.28342056 0.00179291 0.05442047 ... 0.01933289 0.05297852 0.00613785]
 [0.02235413 0.14748383 0.35588074 ... 0.18677521 0.00076294 0.04322052]]	[[-86.46333  -86.548775 -86.53166  ... -86.55135  -86.43648  -86.23288 ]
 [-86.59176  -86.23097  -86.677185 ... -86.58734  -86.7354   -86.599884]
 [-86.56077  -86.44974  -86.55731  ... -86.64754  -86.616165 -86.70338 ]
 ...
 [-86.561226 -86.5887   -86.34815  ... -86.72261  -86.54081  -86.34949 ]
 [-86.33443  -86.550865 -86.42721  ... -86.64606  -86.601074 -86.75841 ]
 [-86.52265  -86.35514  -85.99834  ... -86.62584  -86.65023  -86.494774]]	[[-86.901146 -86.69624  -86.81258  ... -86.615    -86.60622  -86.543465]
 [-86.59552  -86.69566  -86.80197  ... -86.63617  -86.87823  -86.70771 ]
 [-86.639626 -86.92239  -86.616325 ... -86.819466 -86.82614  -86.86831 ]
 ...
 [-86.75898  -86.619354 -86.724724 ... -87.12029  -86.607895 -86.72133 ]
 [-86.90127  -86.55445  -86.53605  ... -86.68472  -86.70703  -86.77068 ]
 [-86.56736  -86.65011  -86.7101   ... -86.99939  -86.65176  -86.581215]]
