seed_0	seed_1	mean	std	max	min
[[  6.667315    5.251226    5.4841986 ...   5.223073    4.555522
   15.984236 ]
 [ 34.481976   30.224163   25.618616  ...  32.711815   22.273752
   29.728685 ]
 [ 50.51744    41.72499    50.622486  ...  48.07538    48.90631
   46.674534 ]
 ...
 [297.67163   299.2936    302.52777   ... 298.09784   300.1922
  302.5238   ]
 [299.18918   295.17087   297.45016   ... 293.64523   294.37708
  291.61102  ]
 [292.43704   290.84128   289.73196   ... 291.30777   290.84235
  293.87097  ]]	[[  3.5369344   6.2488594   4.648727  ...   7.4794564  11.072657
    8.780754 ]
 [ 30.116571   36.033287   28.659412  ...  30.248688   27.550499
   30.041817 ]
 [ 48.42957    51.94485    48.787014  ...  45.61091    45.516136
   44.89485  ]
 ...
 [299.7091    299.46866   298.24326   ... 294.58563   299.29956
  298.27744  ]
 [291.46207   294.53204   294.66745   ... 293.35303   293.15088
  292.69232  ]
 [291.54843   293.26016   296.93185   ... 287.0463    290.2929
  290.98715  ]]	[[  5.1021247   5.750043    5.0664625 ...   6.351265    7.8140893
   12.382495 ]
 [ 32.299274   33.128723   27.139015  ...  31.480251   24.912125
   29.88525  ]
 [ 49.473503   46.834923   49.70475   ...  46.843143   47.211224
   45.78469  ]
 ...
 [298.69037   299.38113   300.3855    ... 296.34174   299.74588
  300.40063  ]
 [295.32562   294.85144   296.0588    ... 293.49915   293.76398
  292.15167  ]
 [291.99274   292.05072   293.3319    ... 289.17703   290.56763
  292.42908  ]]	[[1.5651903  0.49881673 0.41773582 ... 1.1281917  3.2585673  3.6017408 ]
 [2.182702   2.9045618  1.5203981  ... 1.2315636  2.6383734  0.15656567]
 [1.0439358  5.10993    0.91773605 ... 1.232235   1.6950874  0.8898411 ]
 ...
 [1.0187378  0.08752441 2.1422577  ... 1.7561035  0.44631958 2.1231842 ]
 [3.863556   0.31941223 1.3913574  ... 0.1461029  0.61309814 0.5406494 ]
 [0.44430542 1.2094421  3.599945   ... 2.1307373  0.27471924 1.4419098 ]]	[[  6.667315    6.2488594   5.4841986 ...   7.4794564  11.072657
   15.984236 ]
 [ 34.481976   36.033287   28.659412  ...  32.711815   27.550499
   30.041817 ]
 [ 50.51744    51.94485    50.622486  ...  48.07538    48.90631
   46.674534 ]
 ...
 [299.7091    299.46866   302.52777   ... 298.09784   300.1922
  302.5238   ]
 [299.18918   295.17087   297.45016   ... 293.64523   294.37708
  292.69232  ]
 [292.43704   293.26016   296.93185   ... 291.30777   290.84235
  293.87097  ]]	[[  3.5369344   5.251226    4.648727  ...   5.223073    4.555522
    8.780754 ]
 [ 30.116571   30.224163   25.618616  ...  30.248688   22.273752
   29.728685 ]
 [ 48.42957    41.72499    48.787014  ...  45.61091    45.516136
   44.89485  ]
 ...
 [297.67163   299.2936    298.24326   ... 294.58563   299.29956
  298.27744  ]
 [291.46207   294.53204   294.66745   ... 293.35303   293.15088
  291.61102  ]
 [291.54843   290.84128   289.73196   ... 287.0463    290.2929
  290.98715  ]]
