seed_0	seed_1	mean	std	max	min
[[-86.4752   -86.608734 -86.58336  ... -86.61303  -86.69563  -86.08574 ]
 [-86.402916 -86.52963  -86.67171  ... -86.455475 -86.77842  -86.54438 ]
 [-86.546974 -87.0221   -86.54247  ... -86.674614 -86.63108  -86.75734 ]
 ...
 [-86.78637  -86.61757  -86.27114  ... -86.74293  -86.51972  -86.27247 ]
 [-86.215546 -86.5196   -86.34911  ... -86.636055 -86.580284 -86.79306 ]
 [-86.59491  -86.7065   -86.78736  ... -86.675896 -86.706505 -86.495735]]	[[-86.90663  -86.71464  -86.823654 ... -86.63854  -86.43976  -86.56244 ]
 [-86.70405  -86.300095 -86.78209  ... -86.69408  -86.83893  -86.7083  ]
 [-86.66132  -86.45451  -86.637054 ... -86.84756  -86.854485 -86.899254]
 ...
 [-86.54833  -86.5797   -86.72803  ... -87.17917  -86.600464 -86.72435 ]
 [-86.948555 -86.57859  -86.563484 ... -86.71747  -86.73975  -86.792206]
 [-86.54971  -86.36484  -85.828766 ... -87.040436 -86.67823  -86.60919 ]]	[[-86.69092  -86.66168  -86.70351  ... -86.625786 -86.567696 -86.32409 ]
 [-86.55348  -86.41486  -86.7269   ... -86.574776 -86.80867  -86.62634 ]
 [-86.60415  -86.73831  -86.58977  ... -86.761086 -86.74278  -86.82829 ]
 ...
 [-86.66735  -86.59863  -86.49959  ... -86.961044 -86.56009  -86.49841 ]
 [-86.58205  -86.549095 -86.4563   ... -86.67676  -86.66002  -86.79263 ]
 [-86.57231  -86.53567  -86.30806  ... -86.85817  -86.69237  -86.55246 ]]	[[2.15717316e-01 5.29518127e-02 1.20147705e-01 ... 1.27563477e-02
  1.27937317e-01 2.38349915e-01]
 [1.50566101e-01 1.14768982e-01 5.51910400e-02 ... 1.19300842e-01
  3.02543640e-02 8.19587708e-02]
 [5.71746826e-02 2.83794403e-01 4.72908020e-02 ... 8.64715576e-02
  1.11701965e-01 7.09571838e-02]
 ...
 [1.19018555e-01 1.89361572e-02 2.28443146e-01 ... 2.18120575e-01
  4.03709412e-02 2.25940704e-01]
 [3.66504669e-01 2.94952393e-02 1.07185364e-01 ... 4.07066345e-02
  7.97348022e-02 4.27246094e-04]
 [2.25982666e-02 1.70829773e-01 4.79297638e-01 ... 1.82270050e-01
  1.41372681e-02 5.67283630e-02]]	[[-86.4752   -86.608734 -86.58336  ... -86.61303  -86.43976  -86.08574 ]
 [-86.402916 -86.300095 -86.67171  ... -86.455475 -86.77842  -86.54438 ]
 [-86.546974 -86.45451  -86.54247  ... -86.674614 -86.63108  -86.75734 ]
 ...
 [-86.54833  -86.5797   -86.27114  ... -86.74293  -86.51972  -86.27247 ]
 [-86.215546 -86.5196   -86.34911  ... -86.636055 -86.580284 -86.792206]
 [-86.54971  -86.36484  -85.828766 ... -86.675896 -86.67823  -86.495735]]	[[-86.90663  -86.71464  -86.823654 ... -86.63854  -86.69563  -86.56244 ]
 [-86.70405  -86.52963  -86.78209  ... -86.69408  -86.83893  -86.7083  ]
 [-86.66132  -87.0221   -86.637054 ... -86.84756  -86.854485 -86.899254]
 ...
 [-86.78637  -86.61757  -86.72803  ... -87.17917  -86.600464 -86.72435 ]
 [-86.948555 -86.57859  -86.563484 ... -86.71747  -86.73975  -86.79306 ]
 [-86.59491  -86.7065   -86.78736  ... -87.040436 -86.706505 -86.60919 ]]
