seed_0	seed_1	mean	std	max	min
[[326.45547 310.51462 313.54953 ... 310.04526 300.0394  369.6059 ]
 [334.60138 317.18118 293.60507 ... 327.67944 273.72665 314.94678]
 [387.0878  297.80475 387.83322 ... 368.10562 374.74857 355.2355 ]
 ...
 [402.36795 425.01733 463.3976  ... 408.43954 436.91263 463.27017]
 [472.61618 438.0871  458.66064 ... 423.1891  430.60388 399.54248]
 [441.87784 426.67297 414.17084 ... 431.38925 426.65668 453.93262]]	[[269.14224 299.95056 282.93066 ... 310.93396 335.02628 320.79584]
 [350.01318 388.05313 339.71222 ... 350.97968 331.9764  349.44986]
 [391.15335 420.5353  394.9898  ... 356.3829  355.09015 346.62778]
 ...
 [433.5989  429.56665 407.4822  ... 323.7405  426.70764 408.07767]
 [370.99854 431.54883 433.7405  ... 410.41968 406.7006  397.70087]
 [450.4044  468.62985 501.90945 ... 384.14252 435.02112 443.6154 ]]	[[297.79886 305.2326  298.2401  ... 310.48962 317.53284 345.20087]
 [342.30728 352.61716 316.65863 ... 339.32956 302.85153 332.1983 ]
 [389.12057 359.17004 391.4115  ... 362.24426 364.91937 350.93164]
 ...
 [417.98343 427.292   435.4399  ... 366.09003 431.81012 435.67392]
 [421.80737 434.81796 446.20056 ... 416.80438 418.65222 398.62167]
 [446.1411  447.65143 458.04016 ... 407.76587 430.8389  448.774  ]]	[[28.656616   5.282028  15.309433  ...  0.4443512 17.493439  24.40503  ]
 [ 7.705902  35.435974  23.053574  ... 11.650116  29.124878  17.251541 ]
 [ 2.0327759 61.36528    3.5782928 ...  5.8613586  9.829208   4.3038635]
 ...
 [15.6154785  2.2746582 27.957703  ... 42.349518   5.1024933 27.596252 ]
 [50.808823   3.2691345 12.460068  ...  6.3847046 11.951645   0.9208069]
 [ 4.263275  20.97844   43.86931   ... 23.623367   4.1822205  5.158615 ]]	[[326.45547 310.51462 313.54953 ... 310.93396 335.02628 369.6059 ]
 [350.01318 388.05313 339.71222 ... 350.97968 331.9764  349.44986]
 [391.15335 420.5353  394.9898  ... 368.10562 374.74857 355.2355 ]
 ...
 [433.5989  429.56665 463.3976  ... 408.43954 436.91263 463.27017]
 [472.61618 438.0871  458.66064 ... 423.1891  430.60388 399.54248]
 [450.4044  468.62985 501.90945 ... 431.38925 435.02112 453.93262]]	[[269.14224 299.95056 282.93066 ... 310.04526 300.0394  320.79584]
 [334.60138 317.18118 293.60507 ... 327.67944 273.72665 314.94678]
 [387.0878  297.80475 387.83322 ... 356.3829  355.09015 346.62778]
 ...
 [402.36795 425.01733 407.4822  ... 323.7405  426.70764 408.07767]
 [370.99854 431.54883 433.7405  ... 410.41968 406.7006  397.70087]
 [441.87784 426.67297 414.17084 ... 384.14252 426.65668 443.6154 ]]
