seed_0	seed_1	mean	std	max	min
[[-92.924545 -91.813194 -99.58118  ... -92.43686  -92.377495 -91.56731 ]
 [-87.20577  -87.8272   -87.263885 ... -85.33135  -89.07045  -89.32866 ]
 [-92.66854  -88.71587  -95.998085 ... -87.26592  -87.96137  -89.49223 ]
 ...
 [-94.5658   -98.38361  -96.309296 ... -87.83267  -90.68485  -90.495   ]
 [-87.241394 -88.58782  -79.778984 ... -88.354225 -88.86864  -86.96193 ]
 [-88.52686  -87.99591  -87.35963  ... -86.93683  -86.777    -88.2923  ]]	[[-87.50333  -83.66459  -72.095604 ... -93.56858  -82.685    -88.97534 ]
 [-84.30713  -91.1213   -80.26448  ... -86.54797  -87.09406  -91.41887 ]
 [-98.43833  -86.54323  -88.2616   ... -79.79738  -87.89095  -87.35632 ]
 ...
 [-85.39817  -84.94464  -85.21546  ... -92.48058  -88.94654  -89.97916 ]
 [-86.849915 -88.74405  -91.111725 ... -87.9242   -94.50777  -92.23925 ]
 [-93.440285 -93.67894  -86.992195 ... -97.14     -86.74285  -88.59266 ]]	[[-90.213936 -87.73889  -85.838394 ... -93.002716 -87.53125  -90.271324]
 [-85.756454 -89.47425  -83.76418  ... -85.93967  -88.08226  -90.373764]
 [-95.55344  -87.62955  -92.12984  ... -83.53165  -87.92616  -88.42428 ]
 ...
 [-89.98199  -91.66412  -90.762375 ... -90.15663  -89.8157   -90.237076]
 [-87.045654 -88.66594  -85.44536  ... -88.13921  -91.6882   -89.600586]
 [-90.983574 -90.837425 -87.17591  ... -92.038414 -86.759926 -88.442474]]	[[ 2.7106094   4.0743027  13.742786   ...  0.56586075  4.8462486
   1.2959824 ]
 [ 1.4493217   1.647049    3.4997025  ...  0.6083107   0.9881935
   1.045105  ]
 [ 2.8848953   1.0863228   3.8682442  ...  3.734272    0.03520966
   1.067955  ]
 ...
 [ 4.5838165   6.719486    5.546917   ...  2.3239555   0.8691559
   0.25792313]
 [ 0.19573975  0.07811356  5.6663704  ...  0.2150116   2.8195648
   2.6386604 ]
 [ 2.4567108   2.8415146   0.18371582 ...  5.1015854   0.01707458
   0.15018082]]	[[-87.50333  -83.66459  -72.095604 ... -92.43686  -82.685    -88.97534 ]
 [-84.30713  -87.8272   -80.26448  ... -85.33135  -87.09406  -89.32866 ]
 [-92.66854  -86.54323  -88.2616   ... -79.79738  -87.89095  -87.35632 ]
 ...
 [-85.39817  -84.94464  -85.21546  ... -87.83267  -88.94654  -89.97916 ]
 [-86.849915 -88.58782  -79.778984 ... -87.9242   -88.86864  -86.96193 ]
 [-88.52686  -87.99591  -86.992195 ... -86.93683  -86.74285  -88.2923  ]]	[[-92.924545 -91.813194 -99.58118  ... -93.56858  -92.377495 -91.56731 ]
 [-87.20577  -91.1213   -87.263885 ... -86.54797  -89.07045  -91.41887 ]
 [-98.43833  -88.71587  -95.998085 ... -87.26592  -87.96137  -89.49223 ]
 ...
 [-94.5658   -98.38361  -96.309296 ... -92.48058  -90.68485  -90.495   ]
 [-87.241394 -88.74405  -91.111725 ... -88.354225 -94.50777  -92.23925 ]
 [-93.440285 -93.67894  -87.35963  ... -97.14     -86.777    -88.59266 ]]
