seed_0	seed_1	mean	std	max	min
[[-88.38942  -87.35777  -92.070656 ... -88.01341  -87.96234  -87.01886 ]
 [-86.04371  -86.80554  -86.09606  ... -84.98267  -88.92291  -89.19243 ]
 [-90.06411  -87.85059  -92.03609  ... -87.16023  -87.49341  -88.23381 ]
 ...
 [-89.55681  -91.46123  -90.04717  ... -87.723434 -88.6821   -88.6397  ]
 [-87.23907  -87.97597  -83.82519  ... -87.856346 -88.125206 -87.05056 ]
 [-88.52471  -87.72354  -87.00651  ... -86.61933  -86.47744  -88.34933 ]]	[[-86.84258  -84.93479  -81.50183  ... -89.49087  -84.47338  -87.43635 ]
 [-85.582184 -89.22361  -83.760635 ... -86.829216 -87.15226  -89.34781 ]
 [-95.85539  -85.94049  -86.95364  ... -80.05267  -86.730835 -86.40923 ]
 ...
 [-85.346115 -85.065475 -85.23229  ... -89.67331  -87.438    -88.01064 ]
 [-85.879845 -86.98838  -88.382866 ... -86.51166  -91.038124 -89.15273 ]
 [-90.1068   -90.24834  -86.635155 ... -91.84097  -86.49321  -87.5258  ]]	[[-87.616    -86.146286 -86.78624  ... -88.75214  -86.217865 -87.2276  ]
 [-85.81294  -88.01457  -84.928345 ... -85.905945 -88.03758  -89.27012 ]
 [-92.95975  -86.89554  -89.494865 ... -83.60645  -87.11212  -87.32152 ]
 ...
 [-87.45146  -88.26335  -87.63973  ... -88.69837  -88.06005  -88.32517 ]
 [-86.559456 -87.48218  -86.10403  ... -87.184006 -89.581665 -88.10165 ]
 [-89.31575  -88.98594  -86.82083  ... -89.23015  -86.48532  -87.93756 ]]	[[0.7734184  1.2114906  5.2844124  ... 0.73872757 1.7444801  0.20874405]
 [0.23076248 1.209034   1.1677132  ... 0.9232712  0.8853264  0.07769012]
 [2.8956413  0.9550514  2.5412216  ... 3.5537796  0.38128662 0.91228867]
 ...
 [2.1053467  3.197876   2.4074402  ... 0.97493744 0.6220474  0.31452942]
 [0.6796112  0.4937935  2.278839   ... 0.6723442  1.456459   1.0510864 ]
 [0.7910423  1.2623978  0.18567657 ... 2.6108208  0.00788498 0.41176224]]	[[-86.84258  -84.93479  -81.50183  ... -88.01341  -84.47338  -87.01886 ]
 [-85.582184 -86.80554  -83.760635 ... -84.98267  -87.15226  -89.19243 ]
 [-90.06411  -85.94049  -86.95364  ... -80.05267  -86.730835 -86.40923 ]
 ...
 [-85.346115 -85.065475 -85.23229  ... -87.723434 -87.438    -88.01064 ]
 [-85.879845 -86.98838  -83.82519  ... -86.51166  -88.125206 -87.05056 ]
 [-88.52471  -87.72354  -86.635155 ... -86.61933  -86.47744  -87.5258  ]]	[[-88.38942  -87.35777  -92.070656 ... -89.49087  -87.96234  -87.43635 ]
 [-86.04371  -89.22361  -86.09606  ... -86.829216 -88.92291  -89.34781 ]
 [-95.85539  -87.85059  -92.03609  ... -87.16023  -87.49341  -88.23381 ]
 ...
 [-89.55681  -91.46123  -90.04717  ... -89.67331  -88.6821   -88.6397  ]
 [-87.23907  -87.97597  -88.382866 ... -87.856346 -91.038124 -89.15273 ]
 [-90.1068   -90.24834  -87.00651  ... -91.84097  -86.49321  -88.34933 ]]
