seed_0	seed_1	mean	std	max	min
[[172.14758 165.24629 166.39694 ... 165.07362 161.81738 192.6492 ]
 [180.09473 177.70279 174.9671  ... 178.93883 170.63422 177.45941]
 [193.09271 181.92386 193.17682 ... 190.91425 191.68497 189.38173]
 ...
 [281.86038 284.67474 290.65186 ... 282.56152 286.3752  290.63007]
 [294.90393 288.2948  292.1513  ... 285.72195 286.93604 282.72726]
 [294.643   292.35895 290.73944 ... 293.0307  292.35907 296.6507 ]]	[[154.93094 164.94199 158.48555 ... 170.1965  183.13803 175.47705]
 [175.85999 181.06459 175.00739 ... 175.93776 174.35477 175.81038]
 [188.48224 191.22414 188.78867 ... 186.3118  186.23126 185.7049 ]
 ...
 [285.0077  284.47296 282.0268  ... 276.02734 284.11377 282.08487]
 [282.33435 288.9695  289.27158 ... 286.30518 285.87885 284.90018]
 [296.57928 299.57916 303.70987 ... 287.60364 294.01697 295.40424]]	[[163.53926 165.09415 162.44125 ... 167.63507 172.4777  184.06313]
 [177.97736 179.3837  174.98724 ... 177.4383  172.49449 176.63489]
 [190.78748 186.574   190.98274 ... 188.61302 188.95811 187.5433 ]
 ...
 [283.43402 284.57385 286.33932 ... 279.29443 285.2445  286.35748]
 [288.61914 288.63214 290.71143 ... 286.01355 286.40744 283.81372]
 [295.61115 295.96906 297.22467 ... 290.31717 293.18802 296.02747]]	[[ 8.608322    0.15215302  3.955696   ...  2.5614395  10.660324
   8.586075  ]
 [ 2.1173706   1.6809006   0.0201416  ...  1.500534    1.8602753
   0.8245163 ]
 [ 2.3052368   4.650139    2.1940765  ...  2.3012238   2.7268524
   1.838417  ]
 ...
 [ 1.5736542   0.10089111  4.3125305  ...  3.2670898   1.130722
   4.2725983 ]
 [ 6.28479     0.33735657  1.4398651  ...  0.29161072  0.528595
   1.0864563 ]
 [ 0.96813965  3.6101074   6.485214   ...  2.7135315   0.828949
   0.62323   ]]	[[172.14758 165.24629 166.39694 ... 170.1965  183.13803 192.6492 ]
 [180.09473 181.06459 175.00739 ... 178.93883 174.35477 177.45941]
 [193.09271 191.22414 193.17682 ... 190.91425 191.68497 189.38173]
 ...
 [285.0077  284.67474 290.65186 ... 282.56152 286.3752  290.63007]
 [294.90393 288.9695  292.1513  ... 286.30518 286.93604 284.90018]
 [296.57928 299.57916 303.70987 ... 293.0307  294.01697 296.6507 ]]	[[154.93094 164.94199 158.48555 ... 165.07362 161.81738 175.47705]
 [175.85999 177.70279 174.9671  ... 175.93776 170.63422 175.81038]
 [188.48224 181.92386 188.78867 ... 186.3118  186.23126 185.7049 ]
 ...
 [281.86038 284.47296 282.0268  ... 276.02734 284.11377 282.08487]
 [282.33435 288.2948  289.27158 ... 285.72195 285.87885 282.72726]
 [294.643   292.35895 290.73944 ... 287.60364 292.35907 295.40424]]
