seed_0	seed_1	mean	std	max	min
[[178.63661 168.3746  170.388   ... 168.06075 161.7944  195.2609 ]
 [184.18869 179.4512  173.26593 ... 182.30547 167.80222 178.84996]
 [189.42767 175.52518 189.52277 ... 186.83801 187.7772  184.97116]
 ...
 [281.24063 283.58292 289.08853 ... 281.83667 284.96936 289.06683]
 [295.01215 288.073   292.00015 ... 285.78015 286.8711  282.9263 ]
 [289.09003 287.04114 285.60785 ... 287.64313 287.04114 291.02368]]	[[154.25671 164.91756 158.69229 ... 169.88292 180.98831 174.29529]
 [173.64966 187.92062 170.75194 ... 173.93362 168.42043 173.50168]
 [186.31107 190.50003 186.90611 ... 180.87537 180.64818 179.179  ]
 ...
 [285.1671  284.6208  282.1207  ... 276.1563  284.25397 282.17688]
 [282.0224  289.06042 289.39044 ... 286.15057 285.70245 284.6632 ]
 [291.48407 294.54578 302.09467 ... 282.7373  289.18842 290.44293]]	[[166.44666 166.64609 164.54015 ... 168.97183 171.39136 184.77809]
 [178.91917 183.68591 172.00894 ... 178.11954 168.11133 176.17581]
 [187.86937 183.0126  188.21445 ... 183.85669 184.21269 182.07507]
 ...
 [283.20386 284.10187 285.6046  ... 278.9965  284.61166 285.62186]
 [288.51727 288.5667  290.6953  ... 285.96536 286.28677 283.79474]
 [290.28705 290.79346 293.85126 ... 285.19022 288.11478 290.7333 ]]	[[12.189949    1.7285233   5.8478546  ...  0.91108704  9.596954
  10.482803  ]
 [ 5.269516    4.2347107   1.2569962  ...  4.1859207   0.30910492
   2.674141  ]
 [ 1.5583038   7.4874268   1.3083267  ...  2.9813232   3.5645142
   2.89608   ]
 ...
 [ 1.9632416   0.51893616  3.4839172  ...  2.8401794   0.35769653
   3.4449768 ]
 [ 6.494873    0.49371338  1.3048553  ...  0.18521118  0.58432007
   0.868454  ]
 [ 1.1970215   3.7523193   8.243408   ...  2.4529114   1.0736389
   0.29037476]]	[[178.63661 168.3746  170.388   ... 169.88292 180.98831 195.2609 ]
 [184.18869 187.92062 173.26593 ... 182.30547 168.42043 178.84996]
 [189.42767 190.50003 189.52277 ... 186.83801 187.7772  184.97116]
 ...
 [285.1671  284.6208  289.08853 ... 281.83667 284.96936 289.06683]
 [295.01215 289.06042 292.00015 ... 286.15057 286.8711  284.6632 ]
 [291.48407 294.54578 302.09467 ... 287.64313 289.18842 291.02368]]	[[154.25671 164.91756 158.69229 ... 168.06075 161.7944  174.29529]
 [173.64966 179.4512  170.75194 ... 173.93362 167.80222 173.50168]
 [186.31107 175.52518 186.90611 ... 180.87537 180.64818 179.179  ]
 ...
 [281.24063 283.58292 282.1207  ... 276.1563  284.25397 282.17688]
 [282.0224  288.073   289.39044 ... 285.78015 285.70245 282.9263 ]
 [289.09003 287.04114 285.60785 ... 282.7373  287.04114 290.44293]]
