seed_0	seed_1	mean	std	max	min
[[-86.58407  -86.63918  -86.63134  ... -86.63998  -86.66237  -77.6912  ]
 [-86.49928  -86.54838  -86.58603  ... -86.52265  -86.61347  -86.55331 ]
 [-86.616844 -86.78552  -86.61429  ... -86.65427  -86.64114  -86.67677 ]
 ...
 [-86.573074 -86.565506 -86.53105  ... -86.57138  -86.56227  -86.53149 ]
 [-86.48791  -86.581924 -86.55931  ... -86.59191  -86.58725  -86.609   ]
 [-86.560394 -86.57422  -86.585686 ... -86.57068  -86.574234 -86.541916]]	[[-86.89269  -86.652596 -86.78748  ... -86.54864  -86.23211  -86.44088 ]
 [-86.53317  -85.91238  -86.63126  ... -86.52314  -86.69664  -86.53898 ]
 [-86.61917  -86.363754 -86.59036  ... -86.833305 -86.84119  -86.89065 ]
 ...
 [-86.52527  -86.551346 -86.673164 ... -87.07075  -86.569855 -86.6704  ]
 [-86.847664 -86.52     -86.50378  ... -86.64825  -86.66826  -86.71511 ]
 [-86.45995  -86.26325  -85.62656  ... -86.893974 -86.58257  -86.51708 ]]	[[-86.73838  -86.64589  -86.70941  ... -86.59431  -86.447235 -82.06604 ]
 [-86.51623  -86.23038  -86.60864  ... -86.522896 -86.65506  -86.54614 ]
 [-86.61801  -86.57464  -86.602325 ... -86.74379  -86.741165 -86.78371 ]
 ...
 [-86.54917  -86.558426 -86.60211  ... -86.82106  -86.56606  -86.600945]
 [-86.667786 -86.550964 -86.53154  ... -86.62008  -86.627754 -86.662056]
 [-86.51018  -86.41873  -86.106125 ... -86.73233  -86.5784   -86.529495]]	[[1.54312134e-01 6.70623779e-03 7.80715942e-02 ... 4.56695557e-02
  2.15129852e-01 4.37483978e+00]
 [1.69448853e-02 3.18000793e-01 2.26173401e-02 ... 2.44140625e-04
  4.15840149e-02 7.16400146e-03]
 [1.16348895e-03 2.10884094e-01 1.19628906e-02 ... 8.95195007e-02
  1.00021362e-01 1.06937408e-01]
 ...
 [2.39028931e-02 7.08007812e-03 7.10563660e-02 ... 2.49683380e-01
  3.79180908e-03 6.94580078e-02]
 [1.79878235e-01 3.09638977e-02 2.77671814e-02 ... 2.81677246e-02
  4.05044556e-02 5.30548096e-02]
 [5.02204895e-02 1.55483246e-01 4.79564667e-01 ... 1.61647797e-01
  4.16946597e-03 1.24168405e-02]]	[[-86.58407  -86.63918  -86.63134  ... -86.54864  -86.23211  -77.6912  ]
 [-86.49928  -85.91238  -86.58603  ... -86.52265  -86.61347  -86.53898 ]
 [-86.616844 -86.363754 -86.59036  ... -86.65427  -86.64114  -86.67677 ]
 ...
 [-86.52527  -86.551346 -86.53105  ... -86.57138  -86.56227  -86.53149 ]
 [-86.48791  -86.52     -86.50378  ... -86.59191  -86.58725  -86.609   ]
 [-86.45995  -86.26325  -85.62656  ... -86.57068  -86.574234 -86.51708 ]]	[[-86.89269  -86.652596 -86.78748  ... -86.63998  -86.66237  -86.44088 ]
 [-86.53317  -86.54838  -86.63126  ... -86.52314  -86.69664  -86.55331 ]
 [-86.61917  -86.78552  -86.61429  ... -86.833305 -86.84119  -86.89065 ]
 ...
 [-86.573074 -86.565506 -86.673164 ... -87.07075  -86.569855 -86.6704  ]
 [-86.847664 -86.581924 -86.55931  ... -86.64825  -86.66826  -86.71511 ]
 [-86.560394 -86.57422  -86.585686 ... -86.893974 -86.58257  -86.541916]]
