seed_0	seed_1	mean	std	max	min
[[ 128.50284    138.15308    101.04308   ...  -39.906322   217.46103
   124.34145  ]
 [ -15.244595   -80.02515     -6.1315994 ...   88.58326     19.786621
  -134.28174  ]
 [ -95.50189    -45.49855    -35.822742  ...  -64.168175   -41.406506
     6.5942993]
 ...
 [ 442.52942    255.05875    461.12708   ...  366.64935    494.23383
   432.16785  ]
 [ 427.08203    435.12042    520.6952    ...  330.14005    391.84338
   356.09003  ]
 [ 422.09308    454.57507    413.10062   ...  449.27948    301.64117
   484.46436  ]]	[[ -31.463165  -122.002716    -8.480255  ...   25.4207     213.18518
    58.971825 ]
 [   4.8685455 -125.80011    -73.64041   ... -153.25848     55.983055
  -203.99713  ]
 [  -2.856865    60.886086    21.473518  ...  -58.9347    -106.94896
   -49.60763  ]
 ...
 [ 433.61652    391.5234     388.36108   ...  430.86545    411.9739
   372.4202   ]
 [ 441.37415    474.33252    366.48804   ...  470.23907    449.51904
   473.92993  ]
 [ 418.53696    427.7859     382.5959    ...  430.36365    376.29138
   358.60596  ]]	[[  48.519836     8.07518     46.281414  ...   -7.242811   215.3231
    91.65664  ]
 [  -5.1880245 -102.91263    -39.886005  ...  -32.337612    37.88484
  -169.13943  ]
 [ -49.17938      7.6937675   -7.174612  ...  -61.551437   -74.177734
   -21.506666 ]
 ...
 [ 438.07297    323.29108    424.74408   ...  398.7574     453.10388
   402.294    ]
 [ 434.2281     454.72647    443.5916    ...  400.18958    420.6812
   415.00998  ]
 [ 420.315      441.18048    397.84827   ...  439.82156    338.96628
   421.53516  ]]	[[ 79.983     130.0779     54.76167   ...  32.663513    2.1379242
   32.684814 ]
 [ 10.05657    22.887482   33.754406  ... 120.92087    18.098217
   34.857697 ]
 [ 46.322514   53.192318   28.64813   ...   2.6167374  32.77123
   28.100965 ]
 ...
 [  4.4564514  68.23233    36.382996  ...  32.108047   41.12996
   29.873825 ]
 [  7.146057   19.606049   77.10358   ...  70.049515   28.83783
   58.919952 ]
 [  1.7780609  13.394592   15.252365  ...   9.457916   37.325104
   62.9292   ]]	[[ 128.50284    138.15308    101.04308   ...   25.4207     217.46103
   124.34145  ]
 [   4.8685455  -80.02515     -6.1315994 ...   88.58326     55.983055
  -134.28174  ]
 [  -2.856865    60.886086    21.473518  ...  -58.9347     -41.406506
     6.5942993]
 ...
 [ 442.52942    391.5234     461.12708   ...  430.86545    494.23383
   432.16785  ]
 [ 441.37415    474.33252    520.6952    ...  470.23907    449.51904
   473.92993  ]
 [ 422.09308    454.57507    413.10062   ...  449.27948    376.29138
   484.46436  ]]	[[ -31.463165 -122.002716   -8.480255 ...  -39.906322  213.18518
    58.971825]
 [ -15.244595 -125.80011   -73.64041  ... -153.25848    19.786621
  -203.99713 ]
 [ -95.50189   -45.49855   -35.822742 ...  -64.168175 -106.94896
   -49.60763 ]
 ...
 [ 433.61652   255.05875   388.36108  ...  366.64935   411.9739
   372.4202  ]
 [ 427.08203   435.12042   366.48804  ...  330.14005   391.84338
   356.09003 ]
 [ 418.53696   427.7859    382.5959   ...  430.36365   301.64117
   358.60596 ]]
