seed_0	seed_1	mean	std	max	min
[[148.64821 139.1447  140.55385 ... 138.86215 132.05344 200.10106]
 [163.743   159.19003 154.93602 ... 161.80632 152.2511  158.71133]
 [174.20192 161.0948  174.33917 ... 170.80313 171.9943  168.62384]
 ...
 [331.4047  335.48694 342.75653 ... 332.43323 337.8201  342.73325]
 [344.93005 339.1701  342.58408 ... 336.5963  337.85864 332.68243]
 [342.93604 339.18588 336.8347  ... 340.23184 339.18283 346.85822]]	[[ 76.89868 124.94319  89.42198 ... 138.087   164.89294 149.48656]
 [156.6763  167.42062 154.48042 ... 156.88657 152.96959 156.55864]
 [172.51012 177.00446 173.0483  ... 167.95111 167.74004 166.5978 ]
 ...
 [330.16333 329.5495  326.599   ... 317.8657  329.14203 326.6723 ]
 [326.4339  334.4643  334.764   ... 331.5643  331.0888  329.8821 ]
 [341.87766 346.65283 369.95282 ... 330.84515 338.88596 340.49658]]	[[112.773445 132.04395  114.987915 ... 138.47458  148.47319  174.79381 ]
 [160.20966  163.30533  154.70822  ... 159.34644  152.61035  157.63498 ]
 [173.35602  169.04962  173.69373  ... 169.37712  169.86716  167.61081 ]
 ...
 [330.784    332.51822  334.67776  ... 325.14948  333.48108  334.70276 ]
 [335.68198  336.8172   338.67404  ... 334.08032  334.47372  331.2823  ]
 [342.40686  342.91937  353.39374  ... 335.5385   339.0344   343.6774  ]]	[[35.874763    7.100754   25.565933   ...  0.38757324 16.419754
  25.307251  ]
 [ 3.533348    4.1152954   0.22779846 ...  2.459877    0.3592453
   1.0763474 ]
 [ 0.8459015   7.9548264   0.64543915 ...  1.4260101   2.1271286
   1.0130234 ]
 ...
 [ 0.62068176  2.9687195   8.078766   ...  7.2837677   4.339035
   8.030472  ]
 [ 9.248077    2.3529053   3.9100342  ...  2.5160065   3.3849182
   1.4001617 ]
 [ 0.52919006  3.7334747  16.559067   ...  4.693344    0.1484375
   3.1808167 ]]	[[148.64821 139.1447  140.55385 ... 138.86215 164.89294 200.10106]
 [163.743   167.42062 154.93602 ... 161.80632 152.96959 158.71133]
 [174.20192 177.00446 174.33917 ... 170.80313 171.9943  168.62384]
 ...
 [331.4047  335.48694 342.75653 ... 332.43323 337.8201  342.73325]
 [344.93005 339.1701  342.58408 ... 336.5963  337.85864 332.68243]
 [342.93604 346.65283 369.95282 ... 340.23184 339.18283 346.85822]]	[[ 76.89868 124.94319  89.42198 ... 138.087   132.05344 149.48656]
 [156.6763  159.19003 154.48042 ... 156.88657 152.2511  156.55864]
 [172.51012 161.0948  173.0483  ... 167.95111 167.74004 166.5978 ]
 ...
 [330.16333 329.5495  326.599   ... 317.8657  329.14203 326.6723 ]
 [326.4339  334.4643  334.764   ... 331.5643  331.0888  329.8821 ]
 [341.87766 339.18588 336.8347  ... 330.84515 338.88596 340.49658]]
