seed_0	seed_1	mean	std	max	min
[[ -95.73184   -91.896225 -105.21351  ...  -94.257225  -94.06278
   -90.6674  ]
 [ -86.63445   -88.07589   -86.72506  ...  -85.16168   -91.671974
   -92.10808 ]
 [ -96.071075  -90.35422   -98.4478   ...  -89.66237   -89.87163
   -91.42622 ]
 ...
 [ -94.60597   -96.79393   -95.36737  ...  -90.22953   -92.32353
   -92.19783 ]
 [ -88.96473   -91.53725   -83.36572  ...  -91.06124   -92.130646
   -88.45538 ]
 [ -92.15605   -89.75705   -87.87796  ...  -87.042465  -86.7661
   -91.56885 ]]	[[ -89.25639   -84.88567   -74.29089  ...  -94.29475   -83.740685
   -90.465164]
 [ -85.48769   -91.70405   -81.329056 ...  -87.747955  -88.31322
   -91.8958  ]
 [-101.82693   -87.508705  -88.97397  ...  -78.95374   -88.66838
   -88.209854]
 ...
 [ -85.62143   -85.14732   -85.42786  ...  -93.27765   -89.31861
   -90.35747 ]
 [ -87.45354   -89.53319   -91.80691  ...  -88.668144  -95.49876
   -93.00565 ]
 [ -93.184044  -93.40198   -87.51465  ...  -95.87105   -87.21935
   -89.254875]]	[[-92.49412  -88.390945 -89.7522   ... -94.275986 -88.90173  -90.566284]
 [-86.06107  -89.88997  -84.027054 ... -86.45482  -89.9926   -92.00194 ]
 [-98.949005 -88.93146  -93.710884 ... -84.30806  -89.270004 -89.81804 ]
 ...
 [-90.1137   -90.97063  -90.39761  ... -91.753586 -90.821075 -91.27765 ]
 [-88.20914  -90.53522  -87.58632  ... -89.86469  -93.8147   -90.730515]
 [-92.670044 -91.57951  -87.696304 ... -91.45676  -86.99272  -90.411865]]	[[ 3.2377243   3.5052757  15.461308   ...  0.01876068  5.161049
   0.10111618]
 [ 0.5733795   1.8140793   2.6980019  ...  1.2931366   1.6793785
   0.10614014]
 [ 2.8779259   1.4227562   4.7369156  ...  5.354313    0.60162354
   1.6081848 ]
 ...
 [ 4.4922714   5.823303    4.969757   ...  1.5240593   1.5024605
   0.9201813 ]
 [ 0.75559616  1.0020294   4.2205925  ...  1.1965485   1.6840553
   2.275135  ]
 [ 0.5139961   1.822464    0.18165588 ...  4.4142914   0.22662735
   1.1569862 ]]	[[-89.25639  -84.88567  -74.29089  ... -94.257225 -83.740685 -90.465164]
 [-85.48769  -88.07589  -81.329056 ... -85.16168  -88.31322  -91.8958  ]
 [-96.071075 -87.508705 -88.97397  ... -78.95374  -88.66838  -88.209854]
 ...
 [-85.62143  -85.14732  -85.42786  ... -90.22953  -89.31861  -90.35747 ]
 [-87.45354  -89.53319  -83.36572  ... -88.668144 -92.130646 -88.45538 ]
 [-92.15605  -89.75705  -87.51465  ... -87.042465 -86.7661   -89.254875]]	[[ -95.73184   -91.896225 -105.21351  ...  -94.29475   -94.06278
   -90.6674  ]
 [ -86.63445   -91.70405   -86.72506  ...  -87.747955  -91.671974
   -92.10808 ]
 [-101.82693   -90.35422   -98.4478   ...  -89.66237   -89.87163
   -91.42622 ]
 ...
 [ -94.60597   -96.79393   -95.36737  ...  -93.27765   -92.32353
   -92.19783 ]
 [ -88.96473   -91.53725   -91.80691  ...  -91.06124   -95.49876
   -93.00565 ]
 [ -93.184044  -93.40198   -87.87796  ...  -95.87105   -87.21935
   -91.56885 ]]
