seed_0	seed_1	mean	std	max	min
[[151.38333 157.48518 141.06183 ... 153.21825 153.50616 160.22325]
 [172.52536 167.78561 172.23412 ... 177.35168 152.96039 151.56221]
 [166.59178 182.23007 158.8908  ... 191.82211 187.08725 177.95541]
 ...
 [275.25708 268.61047 273.26108 ... 286.9398  280.09564 280.40094]
 [296.36285 290.96768 311.83066 ... 291.85938 289.90628 297.59918]
 [287.34    294.44177 299.56433 ... 301.72864 302.42377 288.92725]]	[[163.54507 174.75201 202.27383 ... 150.93762 178.0418  160.38658]
 [170.34276 153.79326 188.70828 ... 162.56715 161.09526 153.39598]
 [142.8845  203.3208  198.5574  ... 227.06244 199.7073  201.28607]
 ...
 [294.70007 295.73322 295.11948 ... 281.60583 287.66217 286.08572]
 [295.96658 292.59235 288.971   ... 293.9704  281.13135 286.9978 ]
 [285.18994 284.8183  295.46222 ... 280.28122 295.95523 292.48798]]	[[157.4642  166.11859 171.66783 ... 152.07794 165.77399 160.30492]
 [171.43405 160.78943 180.47119 ... 169.95941 157.02783 152.4791 ]
 [154.73814 192.77544 178.72409 ... 209.44228 193.39728 189.62074]
 ...
 [284.97858 282.17184 284.19028 ... 284.27283 283.8789  283.24335]
 [296.16473 291.78003 300.40082 ... 292.9149  285.5188  292.2985 ]
 [286.26495 289.63004 297.51328 ... 291.00494 299.1895  290.7076 ]]	[[ 6.0808716   8.633415   30.606003   ...  1.1403122  12.267815
   0.08166504]
 [ 1.091301    6.9961777   8.237083   ...  7.3922653   4.067436
   0.9168854 ]
 [11.853638   10.545364   19.833305   ... 17.620163    6.310028
  11.665329  ]
 ...
 [ 9.721497   13.561371   10.929199   ...  2.666977    3.7832642
   2.842392  ]
 [ 0.19813538  0.81233215 11.429825   ...  1.0555115   4.3874664
   5.3006897 ]
 [ 1.0750275   4.811737    2.051056   ... 10.723709    3.2342682
   1.780365  ]]	[[163.54507 174.75201 202.27383 ... 153.21825 178.0418  160.38658]
 [172.52536 167.78561 188.70828 ... 177.35168 161.09526 153.39598]
 [166.59178 203.3208  198.5574  ... 227.06244 199.7073  201.28607]
 ...
 [294.70007 295.73322 295.11948 ... 286.9398  287.66217 286.08572]
 [296.36285 292.59235 311.83066 ... 293.9704  289.90628 297.59918]
 [287.34    294.44177 299.56433 ... 301.72864 302.42377 292.48798]]	[[151.38333 157.48518 141.06183 ... 150.93762 153.50616 160.22325]
 [170.34276 153.79326 172.23412 ... 162.56715 152.96039 151.56221]
 [142.8845  182.23007 158.8908  ... 191.82211 187.08725 177.95541]
 ...
 [275.25708 268.61047 273.26108 ... 281.60583 280.09564 280.40094]
 [295.96658 290.96768 288.971   ... 291.85938 281.13135 286.9978 ]
 [285.18994 284.8183  295.46222 ... 280.28122 295.95523 288.92725]]
