seed_0	seed_1	mean	std	max	min
[[161.65399 169.35612 146.60779 ... 164.26106 164.63382 172.08865]
 [178.60489 174.01501 178.29523 ... 184.82956 158.85309 157.2774 ]
 [172.21759 180.93643 167.49994 ... 185.3386  183.24132 178.5907 ]
 ...
 [276.5651  272.34088 275.2165  ... 285.5349  280.0379  280.26282]
 [293.806   289.5246  306.55182 ... 290.29327 288.59924 294.71338]
 [282.98593 289.34747 294.66205 ... 296.92792 297.6708  284.2854 ]]	[[167.75732 177.76614 191.90417 ... 155.65399 179.96097 164.70876]
 [175.8603  158.73846 184.86258 ... 168.72237 167.06908 158.29602]
 [139.26207 188.2588  183.95673 ... 203.48003 184.92615 186.31133]
 ...
 [291.76306 292.60748 292.11127 ... 279.22568 285.4171  283.74188]
 [291.39825 288.81616 285.8789  ... 289.87964 279.93115 284.27158]
 [279.70663 279.3939  289.10117 ... 276.0082  289.6012  286.26898]]	[[164.70566 173.56113 169.25598 ... 159.95752 172.2974  168.39871]
 [177.2326  166.37674 181.5789  ... 176.77597 162.96109 157.78671]
 [155.73984 184.59763 175.72833 ... 194.4093  184.08374 182.45102]
 ...
 [284.16406 282.47418 283.66388 ... 282.3803  282.7275  282.00235]
 [292.6021  289.17038 296.21536 ... 290.08646 284.2652  289.4925 ]
 [281.34628 284.37067 291.8816  ... 286.46808 293.636   285.2772 ]]	[[ 3.0516663   4.2050095  22.648193   ...  4.3035355   7.663574
   3.689949  ]
 [ 1.3722916   7.638275    3.2836761  ...  8.0535965   4.107994
   0.50930786]
 [16.47776     3.6611862   8.228394   ...  9.070717    0.84241486
   3.8603134 ]
 ...
 [ 7.598984   10.133301    8.447388   ...  3.1546173   2.6896057
   1.7395325 ]
 [ 1.2038727   0.35421753 10.336456   ...  0.20681763  4.3340454
   5.2209015 ]
 [ 1.6396484   4.9767914   2.7804413  ... 10.459854    4.0348053
   0.9917908 ]]	[[167.75732 177.76614 191.90417 ... 164.26106 179.96097 172.08865]
 [178.60489 174.01501 184.86258 ... 184.82956 167.06908 158.29602]
 [172.21759 188.2588  183.95673 ... 203.48003 184.92615 186.31133]
 ...
 [291.76306 292.60748 292.11127 ... 285.5349  285.4171  283.74188]
 [293.806   289.5246  306.55182 ... 290.29327 288.59924 294.71338]
 [282.98593 289.34747 294.66205 ... 296.92792 297.6708  286.26898]]	[[161.65399 169.35612 146.60779 ... 155.65399 164.63382 164.70876]
 [175.8603  158.73846 178.29523 ... 168.72237 158.85309 157.2774 ]
 [139.26207 180.93643 167.49994 ... 185.3386  183.24132 178.5907 ]
 ...
 [276.5651  272.34088 275.2165  ... 279.22568 280.0379  280.26282]
 [291.39825 288.81616 285.8789  ... 289.87964 279.93115 284.27158]
 [279.70663 279.3939  289.10117 ... 276.0082  289.6012  284.2854 ]]
