seed_0	seed_1	mean	std	max	min
[[279.6973  300.8059  211.97665 ... 286.92917 287.98575 307.91058]
 [394.81982 373.64392 393.50677 ... 421.11792 307.6084  301.54678]
 [324.68414 379.82333 290.87372 ... 400.66223 391.03387 367.76605]
 ...
 [362.42648 309.6862  348.33948 ... 415.92212 388.99838 390.3184 ]
 [428.22763 409.24203 488.82578 ... 412.40042 405.2497  432.75052]
 [397.277   421.15555 439.04337 ... 446.84442 449.53824 402.24075]]	[[296.6428  338.21362 401.68692 ... 246.1897  344.70535 282.87817]
 [387.19174 324.87488 441.30698 ... 361.91058 356.69537 322.68747]
 [204.16199 403.2534  387.40805 ... 492.44778 390.95425 396.00745]
 ...
 [438.2786  443.96173 440.5812  ... 361.2373  399.62366 389.5199 ]
 [429.85654 413.4009  391.95667 ... 420.29648 342.1374  379.1375 ]
 [360.49026 358.06473 422.49435 ... 329.09842 424.97668 406.5396 ]]	[[288.17004 319.50977 306.8318  ... 266.55945 316.34555 295.39438]
 [391.0058  349.2594  417.40686 ... 391.51425 332.1519  312.11713]
 [264.42307 391.53836 339.14087 ... 446.555   390.99408 381.88675]
 ...
 [400.35254 376.82397 394.46033 ... 388.5797  394.31104 389.91913]
 [429.04208 411.32147 440.39124 ... 416.34845 373.69354 405.94403]
 [378.88364 389.61014 430.76886 ... 387.97144 437.25745 404.3902 ]]	[[8.4727478e+00 1.8703857e+01 9.4855133e+01 ... 2.0369736e+01
  2.8359802e+01 1.2516205e+01]
 [3.8140411e+00 2.4384521e+01 2.3900101e+01 ... 2.9603668e+01
  2.4543488e+01 1.0570343e+01]
 [6.0261078e+01 1.1715027e+01 4.8267166e+01 ... 4.5892776e+01
  3.9810184e-02 1.4120697e+01]
 ...
 [3.7926056e+01 6.7137772e+01 4.6120865e+01 ... 2.7342407e+01
  5.3126373e+00 3.9924622e-01]
 [8.1445312e-01 2.0794373e+00 4.8434555e+01 ... 3.9480286e+00
  3.1556152e+01 2.6806503e+01]
 [1.8393372e+01 3.1545410e+01 8.2745056e+00 ... 5.8873001e+01
  1.2280777e+01 2.1494293e+00]]	[[296.6428  338.21362 401.68692 ... 286.92917 344.70535 307.91058]
 [394.81982 373.64392 441.30698 ... 421.11792 356.69537 322.68747]
 [324.68414 403.2534  387.40805 ... 492.44778 391.03387 396.00745]
 ...
 [438.2786  443.96173 440.5812  ... 415.92212 399.62366 390.3184 ]
 [429.85654 413.4009  488.82578 ... 420.29648 405.2497  432.75052]
 [397.277   421.15555 439.04337 ... 446.84442 449.53824 406.5396 ]]	[[279.6973  300.8059  211.97665 ... 246.1897  287.98575 282.87817]
 [387.19174 324.87488 393.50677 ... 361.91058 307.6084  301.54678]
 [204.16199 379.82333 290.87372 ... 400.66223 390.95425 367.76605]
 ...
 [362.42648 309.6862  348.33948 ... 361.2373  388.99838 389.5199 ]
 [428.22763 409.24203 391.95667 ... 412.40042 342.1374  379.1375 ]
 [360.49026 358.06473 422.49435 ... 329.09842 424.97668 402.24075]]
