seed_0	seed_1	mean	std	max	min
[[ -1.0233517   -2.6780396   -2.416996   ...  -2.7797012   -3.717493
    6.613991  ]
 [  6.1103516    4.1916313    2.0333862  ...   5.289364     0.35670853
    3.9787521 ]
 [ -1.6829567   -9.99024     -1.6242771  ...  -3.4967785   -2.8449936
   -4.6982536 ]
 ...
 [259.05847    260.84006    264.52896    ... 259.5258     261.8571
  264.52853   ]
 [268.75607    264.68695    266.97638    ... 263.18863    263.9147
  261.1792    ]
 [267.49936    265.72244    264.46515    ... 266.25922    265.72
  269.03293   ]]	[[-3.8484535e+00 -1.2316189e+00 -2.7420120e+00 ... -1.9863892e-01
   2.2260399e+00  7.7291107e-01]
 [ 4.8472939e+00  9.3317223e+00  3.9775429e+00 ...  4.9584694e+00
   3.3005714e+00  4.8323441e+00]
 [-3.2262421e-01  1.9621201e+00 -2.8905869e-02 ... -2.5788784e+00
  -2.6556587e+00 -3.1590767e+00]
 ...
 [ 2.6210699e+02  2.6184338e+02  2.6052948e+02 ...  2.5721436e+02
   2.6165573e+02  2.6054672e+02]
 [ 2.6129361e+02  2.6455292e+02  2.6471967e+02 ...  2.6327319e+02
   2.6306653e+02  2.6257422e+02]
 [ 2.6842413e+02  2.7024408e+02  2.7397421e+02 ...  2.6352875e+02
   2.6702231e+02  2.6778964e+02]]	[[ -2.4359026  -1.9548292  -2.579504  ...  -1.4891701  -0.7457266
    3.693451 ]
 [  5.4788227   6.761677    3.0054646 ...   5.1239166   1.82864
    4.405548 ]
 [ -1.0027905  -4.01406    -0.8265915 ...  -3.0378284  -2.7503262
   -3.9286652]
 ...
 [260.58273   261.34174   262.52924   ... 258.37006   261.7564
  262.53763  ]
 [265.02484   264.61993   265.84802   ... 263.2309    263.4906
  261.8767   ]
 [267.96173   267.98328   269.21967   ... 264.89398   266.37115
  268.4113   ]]	[[1.4125509  0.72321033 0.16250801 ... 1.2905312  2.9717665  2.9205399 ]
 [0.63152885 2.5700455  0.9720783  ... 0.16544724 1.4719315  0.42679596]
 [0.68016624 5.97618    0.7976856  ... 0.45895004 0.09466743 0.7695885 ]
 ...
 [1.5242615  0.5016632  1.9997406  ... 1.155716   0.10067749 1.9909058 ]
 [3.7312317  0.0670166  1.1283569  ... 0.04228211 0.42408752 0.69750977]
 [0.46238708 2.2608185  4.754532   ... 1.3652344  0.65115356 0.62164307]]	[[-1.0233517e+00 -1.2316189e+00 -2.4169960e+00 ... -1.9863892e-01
   2.2260399e+00  6.6139908e+00]
 [ 6.1103516e+00  9.3317223e+00  3.9775429e+00 ...  5.2893639e+00
   3.3005714e+00  4.8323441e+00]
 [-3.2262421e-01  1.9621201e+00 -2.8905869e-02 ... -2.5788784e+00
  -2.6556587e+00 -3.1590767e+00]
 ...
 [ 2.6210699e+02  2.6184338e+02  2.6452896e+02 ...  2.5952579e+02
   2.6185709e+02  2.6452853e+02]
 [ 2.6875607e+02  2.6468695e+02  2.6697638e+02 ...  2.6327319e+02
   2.6391470e+02  2.6257422e+02]
 [ 2.6842413e+02  2.7024408e+02  2.7397421e+02 ...  2.6625922e+02
   2.6702231e+02  2.6903293e+02]]	[[ -3.8484535   -2.6780396   -2.742012   ...  -2.7797012   -3.717493
    0.7729111 ]
 [  4.847294     4.1916313    2.0333862  ...   4.9584694    0.35670853
    3.9787521 ]
 [ -1.6829567   -9.99024     -1.6242771  ...  -3.4967785   -2.8449936
   -4.6982536 ]
 ...
 [259.05847    260.84006    260.52948    ... 257.21436    261.65573
  260.54672   ]
 [261.2936     264.55292    264.71967    ... 263.18863    263.06653
  261.1792    ]
 [267.49936    265.72244    264.46515    ... 263.52875    265.72
  267.78964   ]]
