seed_0	seed_1	mean	std	max	min
[[306.01382 298.0098  299.4756  ... 297.80392 293.21094 333.35107]
 [329.8824  322.79004 313.33618 ... 327.14706 305.41092 321.86728]
 [345.7181  324.15842 345.98337 ... 339.86197 341.7944  336.23242]
 ...
 [412.94916 427.60406 457.34406 ... 416.67865 436.04572 457.2239 ]
 [456.4315  432.27167 446.3678  ... 421.93796 427.08347 405.8924 ]
 [444.4157  435.29025 428.54825 ... 437.95093 435.28775 452.4944 ]]	[[302.04626 318.23694 308.7856  ... 324.87982 339.49683 330.86612]
 [329.13892 351.21375 324.26758 ... 329.60474 320.78177 328.87973]
 [356.52054 383.0213  359.4948  ... 336.09415 335.45453 331.33875]
 ...
 [445.86954 444.5657  438.08322 ... 419.8108  443.6586  438.2542 ]
 [417.97266 452.38602 453.6943  ... 440.0444  437.89893 432.80692]
 [464.60043 477.00644 502.78928 ... 419.30243 454.2924  460.04547]]	[[304.03003 308.12335 304.1306  ... 311.34186 316.35388 332.10858]
 [329.51065 337.0019  318.80188 ... 328.37592 313.09634 325.3735 ]
 [351.11932 353.58984 352.73907 ... 337.97806 338.62445 333.78558]
 ...
 [429.40936 436.0849  447.71362 ... 418.24472 439.85217 447.73907]
 [437.2021  442.32886 450.03107 ... 430.99118 432.4912  419.34967]
 [454.50806 456.14835 465.66876 ... 428.62668 444.79007 456.26993]]	[[ 1.9837799  10.113571    4.655014   ... 13.537949   23.142944
   1.2424774 ]
 [ 0.37173462 14.211853    5.4656982  ...  1.228836    7.685425
   3.5062256 ]
 [ 5.4012146  29.431442    6.755722   ...  1.8839111   3.1699371
   2.4468384 ]
 ...
 [16.46019     8.48082     9.630417   ...  1.5660706   3.8064423
   9.484848  ]
 [19.229416   10.057175    3.6632538  ...  9.053223    5.40773
  13.45726   ]
 [10.092361   20.858093   37.120514   ...  9.324249    9.502319
   3.7755432 ]]	[[306.01382 318.23694 308.7856  ... 324.87982 339.49683 333.35107]
 [329.8824  351.21375 324.26758 ... 329.60474 320.78177 328.87973]
 [356.52054 383.0213  359.4948  ... 339.86197 341.7944  336.23242]
 ...
 [445.86954 444.5657  457.34406 ... 419.8108  443.6586  457.2239 ]
 [456.4315  452.38602 453.6943  ... 440.0444  437.89893 432.80692]
 [464.60043 477.00644 502.78928 ... 437.95093 454.2924  460.04547]]	[[302.04626 298.0098  299.4756  ... 297.80392 293.21094 330.86612]
 [329.13892 322.79004 313.33618 ... 327.14706 305.41092 321.86728]
 [345.7181  324.15842 345.98337 ... 336.09415 335.45453 331.33875]
 ...
 [412.94916 427.60406 438.08322 ... 416.67865 436.04572 438.2542 ]
 [417.97266 432.27167 446.3678  ... 421.93796 427.08347 405.8924 ]
 [444.4157  435.29025 428.54825 ... 419.30243 435.28775 452.4944 ]]
