seed_0	seed_1	mean	std	max	min
[[-86.64433  -86.63437  -86.6353   ... -86.633934 -86.63359  -86.38134 ]
 [-86.61831  -86.6132   -86.60685  ... -86.61768  -86.6113   -86.612015]
 [-86.62838  -86.69887  -86.62895  ... -86.61923  -86.621185 -86.618996]
 ...
 [-86.59299  -86.59306  -86.55789  ... -86.591034 -86.596275 -86.55887 ]
 [-86.53612  -86.63456  -86.635994 ... -86.62582  -86.62826  -86.6296  ]
 [-86.60437  -86.59913  -86.59751  ... -86.60028  -86.59916  -86.60696 ]]	[[-86.80711  -86.628174 -86.73299  ... -86.555435 -86.3897   -86.4887  ]
 [-86.56431  -86.25347  -86.636185 ... -86.55753  -86.68671  -86.56808 ]
 [-86.58829  -86.42135  -86.568245 ... -86.74323  -86.74929  -86.78409 ]
 ...
 [-86.53102  -86.55363  -86.66867  ... -86.99342  -86.56977  -86.66611 ]
 [-86.82553  -86.522    -86.5073   ... -86.64345  -86.66302  -86.70849 ]
 [-86.472084 -86.34186  -86.04094  ... -86.83436  -86.57334  -86.51834 ]]	[[-86.72572  -86.63127  -86.68414  ... -86.59468  -86.51164  -86.43502 ]
 [-86.59131  -86.433334 -86.62152  ... -86.58761  -86.649    -86.59004 ]
 [-86.60834  -86.560104 -86.5986   ... -86.68123  -86.68524  -86.70154 ]
 ...
 [-86.562004 -86.57335  -86.61328  ... -86.79223  -86.58302  -86.61249 ]
 [-86.680824 -86.57828  -86.57165  ... -86.63463  -86.64564  -86.669044]
 [-86.53822  -86.47049  -86.31923  ... -86.717316 -86.58625  -86.56265 ]]	[[0.08139038 0.00309753 0.04884338 ... 0.03924942 0.12194443 0.05368042]
 [0.02700043 0.17986298 0.01466751 ... 0.03007507 0.03770447 0.02196884]
 [0.02004623 0.13875961 0.03035355 ... 0.06200027 0.06405258 0.08254623]
 ...
 [0.03098297 0.01971817 0.0553894  ... 0.20119476 0.01325226 0.05361938]
 [0.14470673 0.05627823 0.06434631 ... 0.00881577 0.01737976 0.03944397]
 [0.06614304 0.1286354  0.27828598 ... 0.11703873 0.01290894 0.04430771]]	[[-86.64433  -86.628174 -86.6353   ... -86.555435 -86.3897   -86.38134 ]
 [-86.56431  -86.25347  -86.60685  ... -86.55753  -86.6113   -86.56808 ]
 [-86.58829  -86.42135  -86.568245 ... -86.61923  -86.621185 -86.618996]
 ...
 [-86.53102  -86.55363  -86.55789  ... -86.591034 -86.56977  -86.55887 ]
 [-86.53612  -86.522    -86.5073   ... -86.62582  -86.62826  -86.6296  ]
 [-86.472084 -86.34186  -86.04094  ... -86.60028  -86.57334  -86.51834 ]]	[[-86.80711  -86.63437  -86.73299  ... -86.633934 -86.63359  -86.4887  ]
 [-86.61831  -86.6132   -86.636185 ... -86.61768  -86.68671  -86.612015]
 [-86.62838  -86.69887  -86.62895  ... -86.74323  -86.74929  -86.78409 ]
 ...
 [-86.59299  -86.59306  -86.66867  ... -86.99342  -86.596275 -86.66611 ]
 [-86.82553  -86.63456  -86.635994 ... -86.64345  -86.66302  -86.70849 ]
 [-86.60437  -86.59913  -86.59751  ... -86.83436  -86.59916  -86.60696 ]]
