seed_0	seed_1	mean	std	max	min
[[-92.04796  -89.82082  -99.8061   ... -91.271286 -91.16503  -88.96089 ]
 [-87.66523  -89.06789  -87.765465 ... -85.506195 -91.85254  -92.10466 ]
 [-94.36913  -89.7687   -97.57023  ... -88.46416  -89.0782   -90.6087  ]
 ...
 [-93.6685   -97.80045  -94.93898  ... -89.53865  -91.64768  -91.55356 ]
 [-88.88511  -90.061424 -81.448524 ... -89.91387  -90.22237  -88.518364]
 [-91.09076  -89.353714 -87.496346 ... -86.61662  -86.327515 -90.75865 ]]	[[ -89.1593    -82.96048   -71.59731  ...  -96.381485  -81.21103
   -90.78176 ]
 [ -86.14242   -93.49049   -79.91646  ...  -89.179     -89.81401
   -93.69    ]
 [-101.92827   -87.766075  -89.69384  ...  -77.336235  -89.26944
   -88.65406 ]
 ...
 [ -85.57435   -84.86923   -85.29377  ...  -92.411095  -89.19887
   -89.96426 ]
 [ -87.37992   -89.027245  -90.54661  ...  -88.38297   -93.302155
   -91.302795]
 [ -95.34594   -95.592705  -88.58202  ...  -98.329414  -88.28687
   -90.31915 ]]	[[-90.60363  -86.390656 -85.701706 ... -93.826385 -86.188034 -89.87132 ]
 [-86.903824 -91.27919  -83.84096  ... -87.3426   -90.833275 -92.89733 ]
 [-98.1487   -88.76739  -93.632034 ... -82.90019  -89.17382  -89.63138 ]
 ...
 [-89.62143  -91.33484  -90.11638  ... -90.97487  -90.42328  -90.75891 ]
 [-88.132515 -89.544334 -85.99757  ... -89.14842  -91.76226  -89.91058 ]
 [-93.21835  -92.473206 -88.039185 ... -92.47302  -87.30719  -90.5389  ]]	[[ 1.4443283   3.430172   14.104393   ...  2.5550995   4.977001
   0.9104347 ]
 [ 0.76140594  2.2113037   3.9245033  ...  1.8364029   1.0192642
   0.7926712 ]
 [ 3.7795677   1.0013123   3.9381943  ...  5.563961    0.0956192
   0.9773216 ]
 ...
 [ 4.047077    6.4656105   4.822605   ...  1.4362221   1.2244072
   0.79465103]
 [ 0.752594    0.51708984  4.5490417  ...  0.7654495   1.5398941
   1.3922157 ]
 [ 2.1275902   3.1194954   0.54283905 ...  5.8563957   0.9796791
   0.21974945]]	[[-89.1593   -82.96048  -71.59731  ... -91.271286 -81.21103  -88.96089 ]
 [-86.14242  -89.06789  -79.91646  ... -85.506195 -89.81401  -92.10466 ]
 [-94.36913  -87.766075 -89.69384  ... -77.336235 -89.0782   -88.65406 ]
 ...
 [-85.57435  -84.86923  -85.29377  ... -89.53865  -89.19887  -89.96426 ]
 [-87.37992  -89.027245 -81.448524 ... -88.38297  -90.22237  -88.518364]
 [-91.09076  -89.353714 -87.496346 ... -86.61662  -86.327515 -90.31915 ]]	[[ -92.04796   -89.82082   -99.8061   ...  -96.381485  -91.16503
   -90.78176 ]
 [ -87.66523   -93.49049   -87.765465 ...  -89.179     -91.85254
   -93.69    ]
 [-101.92827   -89.7687    -97.57023  ...  -88.46416   -89.26944
   -90.6087  ]
 ...
 [ -93.6685    -97.80045   -94.93898  ...  -92.411095  -91.64768
   -91.55356 ]
 [ -88.88511   -90.061424  -90.54661  ...  -89.91387   -93.302155
   -91.302795]
 [ -95.34594   -95.592705  -88.58202  ...  -98.329414  -88.28687
   -90.75865 ]]
