seed_0	seed_1	mean	std	max	min
[[-43.90327  -46.293636 -45.864952 ... -46.37411  -47.842003 -34.59139 ]
 [-43.916504 -46.18335  -48.69712  ... -44.83721  -50.57563  -46.41926 ]
 [-47.50509  -57.930786 -47.396828 ... -49.810524 -49.005898 -51.4188  ]
 ...
 [437.5075   440.30414  445.5772   ... 438.23224  441.8346   445.60822 ]
 [446.3589   440.58087  443.82513  ... 438.60126  439.5683   436.0318  ]
 [435.35693  432.548    430.59418  ... 433.42422  432.5444   437.8069  ]]	[[-54.65064  -49.650505 -52.47139  ... -47.84818  -43.70408  -46.206276]
 [-46.07247  -40.45729  -47.250793 ... -46.003757 -48.102005 -46.1266  ]
 [-48.212154 -45.134018 -47.851913 ... -50.83641  -50.87423  -51.46941 ]
 ...
 [444.33777  443.76654  441.22327  ... 434.23163  443.4201   441.24133 ]
 [435.46063  442.2857   442.53424  ... 439.6737   439.22137  438.2116  ]
 [437.40924  439.69653  443.9026   ... 429.9848   435.4214   436.47076 ]]	[[-49.276955 -47.97207  -49.16817  ... -47.111145 -45.77304  -40.398834]
 [-44.994488 -43.32032  -47.973957 ... -45.420486 -49.338818 -46.272926]
 [-47.85862  -51.532402 -47.62437  ... -50.323467 -49.940063 -51.444107]
 ...
 [440.92264  442.03534  443.40024  ... 436.23193  442.62735  443.42477 ]
 [440.90976  441.4333   443.1797   ... 439.13748  439.39484  437.1217  ]
 [436.3831   436.12225  437.24838  ... 431.70453  433.9829   437.13882 ]]	[[5.373684   1.6784344  3.3032188  ... 0.73703384 2.068962   5.8074436 ]
 [1.0779839  2.8630295  0.7231636  ... 0.58327293 1.2368126  0.14632988]
 [0.3535328  6.398384   0.22754288 ... 0.51294327 0.93416595 0.02530479]
 ...
 [3.4151306  1.7312012  2.1769714  ... 2.0003052  0.7927551  2.1834412 ]
 [5.449127   0.852417   0.6454468  ... 0.53622437 0.17346191 1.0899048 ]
 [1.0261536  3.5742645  6.6542053  ... 1.7197113  1.4384918  0.6680603 ]]	[[-43.90327  -46.293636 -45.864952 ... -46.37411  -43.70408  -34.59139 ]
 [-43.916504 -40.45729  -47.250793 ... -44.83721  -48.102005 -46.1266  ]
 [-47.50509  -45.134018 -47.396828 ... -49.810524 -49.005898 -51.4188  ]
 ...
 [444.33777  443.76654  445.5772   ... 438.23224  443.4201   445.60822 ]
 [446.3589   442.2857   443.82513  ... 439.6737   439.5683   438.2116  ]
 [437.40924  439.69653  443.9026   ... 433.42422  435.4214   437.8069  ]]	[[-54.65064  -49.650505 -52.47139  ... -47.84818  -47.842003 -46.206276]
 [-46.07247  -46.18335  -48.69712  ... -46.003757 -50.57563  -46.41926 ]
 [-48.212154 -57.930786 -47.851913 ... -50.83641  -50.87423  -51.46941 ]
 ...
 [437.5075   440.30414  441.22327  ... 434.23163  441.8346   441.24133 ]
 [435.46063  440.58087  442.53424  ... 438.60126  439.22137  436.0318  ]
 [435.35693  432.548    430.59418  ... 429.9848   432.5444   436.47076 ]]
