seed_0	seed_1	mean	std	max	min
[[-87.51585   -86.26063   -90.970634  ... -86.92091   -86.85571
  -86.057945 ]
 [  8.158791    6.639061    8.040108  ...  11.0876465 -10.795364
  -16.056435 ]
 [-62.249523   -0.4153595 -76.542435  ...   5.1333923   3.0580063
   -7.314377 ]
 ...
 [-92.16623   -93.3055    -92.23198   ... -88.87459   -91.505325
  -91.42274  ]
 [-87.53644   -89.22084   -81.167336  ... -88.91943   -89.59147
  -87.17727  ]
 [-90.85726   -88.445946  -86.56299   ... -85.753494  -85.47552
  -90.360886 ]]	[[-87.64579    -83.13993    -75.35269    ... -90.99653    -81.79204
  -88.40405   ]
 [  8.763939   -48.34108     10.301666   ...   4.526024     2.0410004
  -51.823742  ]
 [-85.654945     1.9504089   -0.38368988 ...   9.015869     0.40359497
    1.2339172 ]
 ...
 [-85.86907    -85.532845   -85.733185   ... -91.57631    -88.444016
  -89.24368   ]
 [-86.88146    -88.36825    -90.194595   ... -87.73921    -93.30393
  -91.19332   ]
 [-91.69835    -91.87598    -86.72227    ... -93.63711    -86.513016
  -88.02669   ]]	[[-87.58082   -84.70028   -83.16167   ... -88.958725  -84.323875
  -87.231    ]
 [  8.461365  -20.85101     9.170887  ...   7.806835   -4.377182
  -33.940086 ]
 [-73.95223     0.7675247 -38.463062  ...   7.0746307   1.7308006
   -3.0402298]
 ...
 [-89.017654  -89.419174  -88.98258   ... -90.22545   -89.97467
  -90.333206 ]
 [-87.208954  -88.79454   -85.68097   ... -88.32932   -91.4477
  -89.185295 ]
 [-91.2778    -90.160965  -86.642624  ... -89.6953    -85.99426
  -89.19379  ]]	[[ 0.06497192  1.5603485   7.8089714  ...  2.0378075   2.5318375
   1.1730537 ]
 [ 0.30257416 27.49007     1.1307793  ...  3.2808113   6.4181824
  17.883654  ]
 [11.702711    1.1828842  38.079372   ...  1.9412384   1.3272057
   4.274147  ]
 ...
 [ 3.1485786   3.8863258   3.2493973  ...  1.3508606   1.5306549
   1.0895271 ]
 [ 0.32748795  0.42629623  4.51363    ...  0.5901108   1.8562317
   2.0080261 ]
 [ 0.42054367  1.7150154   0.07963943 ...  3.9418068   0.51874924
   1.167099  ]]	[[-87.51585    -83.13993    -75.35269    ... -86.92091    -81.79204
  -86.057945  ]
 [  8.763939     6.639061    10.301666   ...  11.0876465    2.0410004
  -16.056435  ]
 [-62.249523     1.9504089   -0.38368988 ...   9.015869     3.0580063
    1.2339172 ]
 ...
 [-85.86907    -85.532845   -85.733185   ... -88.87459    -88.444016
  -89.24368   ]
 [-86.88146    -88.36825    -81.167336   ... -87.73921    -89.59147
  -87.17727   ]
 [-90.85726    -88.445946   -86.56299    ... -85.753494   -85.47552
  -88.02669   ]]	[[-87.64579    -86.26063    -90.970634   ... -90.99653    -86.85571
  -88.40405   ]
 [  8.158791   -48.34108      8.040108   ...   4.526024   -10.795364
  -51.823742  ]
 [-85.654945    -0.4153595  -76.542435   ...   5.1333923    0.40359497
   -7.314377  ]
 ...
 [-92.16623    -93.3055     -92.23198    ... -91.57631    -91.505325
  -91.42274   ]
 [-87.53644    -89.22084    -90.194595   ... -88.91943    -93.30393
  -91.19332   ]
 [-91.69835    -91.87598    -86.72227    ... -93.63711    -86.513016
  -90.360886  ]]
