seed_0	seed_1	mean	std	max	min
[[-4.5826702e+01 -4.7072891e+01 -4.6812065e+01 ... -4.7116287e+01
  -4.8058834e+01 -3.8638737e+01]
 [ 9.0268707e-01  5.8602142e-01  2.4807739e-01 ...  7.7355957e-01
   8.6898804e-03  5.4800415e-01]
 [ 3.5804749e-01 -5.5673218e-01  3.6769104e-01 ...  1.2176514e-01
   2.0146942e-01 -2.6306152e-02]
 ...
 [-8.6621033e+01 -8.6591423e+01 -8.6493187e+01 ... -8.6611633e+01
  -8.6575264e+01 -8.6494331e+01]
 [-8.6472435e+01 -8.6567719e+01 -8.6533188e+01 ... -8.6574776e+01
  -8.6572334e+01 -8.6586754e+01]
 [-8.6612450e+01 -8.6619247e+01 -8.6623497e+01 ... -8.6617828e+01
  -8.6619263e+01 -8.6596786e+01]]	[[-8.6817505e+01 -4.8716839e+01 -5.2033207e+01 ... -4.6857983e+01
  -4.2665264e+01 -4.5214848e+01]
 [ 5.1836395e-01  1.6486053e+00  2.7820587e-01 ...  5.4405975e-01
   1.0444641e-01  5.0628662e-01]
 [ 4.7354889e-01  9.0023041e-01  5.2812195e-01 ...  6.2538147e-02
   4.7477722e-02 -5.3207397e-02]
 ...
 [-8.6530319e+01 -8.6560242e+01 -8.6702148e+01 ... -8.7110588e+01
  -8.6579651e+01 -8.6699066e+01]
 [-8.6920097e+01 -8.6545555e+01 -8.6529289e+01 ... -8.6689987e+01
  -8.6713142e+01 -8.6768661e+01]
 [-8.6500237e+01 -8.6323898e+01 -8.5903999e+01 ... -8.6975014e+01
  -8.6630501e+01 -8.6559784e+01]]	[[-6.6322105e+01 -4.7894867e+01 -4.9422638e+01 ... -4.6987137e+01
  -4.5362049e+01 -4.1926792e+01]
 [ 7.1052551e-01  1.1173134e+00  2.6314163e-01 ...  6.5880966e-01
   5.6568146e-02  5.2714539e-01]
 [ 4.1579819e-01  1.7174911e-01  4.4790649e-01 ...  9.2151642e-02
   1.2447357e-01 -3.9756775e-02]
 ...
 [-8.6575676e+01 -8.6575836e+01 -8.6597672e+01 ... -8.6861115e+01
  -8.6577454e+01 -8.6596695e+01]
 [-8.6696266e+01 -8.6556641e+01 -8.6531235e+01 ... -8.6632385e+01
  -8.6642738e+01 -8.6677704e+01]
 [-8.6556343e+01 -8.6471573e+01 -8.6263748e+01 ... -8.6796417e+01
  -8.6624878e+01 -8.6578285e+01]]	[[2.04954014e+01 8.21973801e-01 2.61057091e+00 ... 1.29152298e-01
  2.69678497e+00 3.28805542e+00]
 [1.92161560e-01 5.31291962e-01 1.50642395e-02 ... 1.14749908e-01
  4.78782654e-02 2.08587646e-02]
 [5.77507019e-02 7.28481293e-01 8.02154541e-02 ... 2.96134949e-02
  7.69958496e-02 1.34506226e-02]
 ...
 [4.53567505e-02 1.55906687e-02 1.04480743e-01 ... 2.49477386e-01
  2.19345419e-03 1.02367401e-01]
 [2.23831177e-01 1.10816965e-02 1.94931403e-03 ... 5.76057434e-02
  7.04040527e-02 9.09538269e-02]
 [5.61065674e-02 1.47674561e-01 3.59748840e-01 ... 1.78592682e-01
  5.61905047e-03 1.85012817e-02]]	[[-4.5826702e+01 -4.7072891e+01 -4.6812065e+01 ... -4.6857983e+01
  -4.2665264e+01 -3.8638737e+01]
 [ 9.0268707e-01  1.6486053e+00  2.7820587e-01 ...  7.7355957e-01
   1.0444641e-01  5.4800415e-01]
 [ 4.7354889e-01  9.0023041e-01  5.2812195e-01 ...  1.2176514e-01
   2.0146942e-01 -2.6306152e-02]
 ...
 [-8.6530319e+01 -8.6560242e+01 -8.6493187e+01 ... -8.6611633e+01
  -8.6575264e+01 -8.6494331e+01]
 [-8.6472435e+01 -8.6545555e+01 -8.6529289e+01 ... -8.6574776e+01
  -8.6572334e+01 -8.6586754e+01]
 [-8.6500237e+01 -8.6323898e+01 -8.5903999e+01 ... -8.6617828e+01
  -8.6619263e+01 -8.6559784e+01]]	[[-8.6817505e+01 -4.8716839e+01 -5.2033207e+01 ... -4.7116287e+01
  -4.8058834e+01 -4.5214848e+01]
 [ 5.1836395e-01  5.8602142e-01  2.4807739e-01 ...  5.4405975e-01
   8.6898804e-03  5.0628662e-01]
 [ 3.5804749e-01 -5.5673218e-01  3.6769104e-01 ...  6.2538147e-02
   4.7477722e-02 -5.3207397e-02]
 ...
 [-8.6621033e+01 -8.6591423e+01 -8.6702148e+01 ... -8.7110588e+01
  -8.6579651e+01 -8.6699066e+01]
 [-8.6920097e+01 -8.6567719e+01 -8.6533188e+01 ... -8.6689987e+01
  -8.6713142e+01 -8.6768661e+01]
 [-8.6612450e+01 -8.6619247e+01 -8.6623497e+01 ... -8.6975014e+01
  -8.6630501e+01 -8.6596786e+01]]
