seed_0	seed_1	mean	std	max	min
[[-32.600685  -11.226501  -70.929825  ... -25.576786  -24.525703
   -3.0770454]
 [ 21.02222     3.3725052  19.758217  ...  44.605274  -21.32363
  -22.810753 ]
 [-64.25158   -26.556393  -75.50842   ...  -6.0996914 -16.06404
  -37.249725 ]
 ...
 [227.17401   202.42264   220.01825   ... 259.9102    242.49692
  243.32843  ]
 [275.25613   262.90317   311.4984    ... 264.93982   260.43356
  278.10037  ]
 [253.17429   269.10977   281.5958    ... 287.08218   288.9251
  256.5799   ]]	[[ -23.248268     6.7719154   88.4758    ...  -49.39432     17.65622
   -29.535503 ]
 [  13.838421   -24.995697    56.514637  ...   -5.6857243   -9.293821
   -25.883883 ]
 [-140.70424     27.546646     1.0561829 ...  158.90137      6.493828
    14.686306 ]
 ...
 [ 276.1171     278.27637    277.0043    ...  239.71991    258.50638
   253.4455   ]
 [ 274.10367    265.7504     256.09113   ...  269.2649     238.15448
   251.12244  ]
 [ 243.00616    242.03162    271.65585   ...  231.01575    272.95572
   263.5515   ]]	[[ -27.924477     -2.227293      8.772987   ...  -37.485554
    -3.434742    -16.306274  ]
 [  17.43032     -10.811596     38.13643    ...   19.459774
   -15.308725    -24.347317  ]
 [-102.477905      0.49512672  -37.22612    ...   76.40084
    -4.7851057   -11.28171   ]
 ...
 [ 251.64555     240.3495      248.51128    ...  249.81505
   250.50165     248.38696   ]
 [ 274.6799      264.32678     283.79477    ...  267.10236
   249.29402     264.6114    ]
 [ 248.09023     255.5707      276.62582    ...  259.04895
   280.94043     260.0657    ]]	[[ 4.6762085  8.999208  79.70281   ... 11.908768  21.090961  13.229229 ]
 [ 3.5918999 14.184101  18.37821   ... 25.1455     6.014904   1.5365648]
 [38.22633   27.05152   38.282303  ... 82.50053   11.278934  25.968016 ]
 ...
 [24.471542  37.926865  28.493027  ... 10.095139   8.00473    5.0585327]
 [ 0.5762329  1.4236145 27.703644  ...  2.1625366 11.139542  13.488968 ]
 [ 5.0840607 13.539078   4.9699707 ... 28.033218   7.9846954  3.4858093]]	[[-23.248268    6.7719154  88.4758    ... -25.576786   17.65622
   -3.0770454]
 [ 21.02222     3.3725052  56.514637  ...  44.605274   -9.293821
  -22.810753 ]
 [-64.25158    27.546646    1.0561829 ... 158.90137     6.493828
   14.686306 ]
 ...
 [276.1171    278.27637   277.0043    ... 259.9102    258.50638
  253.4455   ]
 [275.25613   265.7504    311.4984    ... 269.2649    260.43356
  278.10037  ]
 [253.17429   269.10977   281.5958    ... 287.08218   288.9251
  263.5515   ]]	[[ -32.600685   -11.226501   -70.929825  ...  -49.39432    -24.525703
   -29.535503 ]
 [  13.838421   -24.995697    19.758217  ...   -5.6857243  -21.32363
   -25.883883 ]
 [-140.70424    -26.556393   -75.50842   ...   -6.0996914  -16.06404
   -37.249725 ]
 ...
 [ 227.17401    202.42264    220.01825   ...  239.71991    242.49692
   243.32843  ]
 [ 274.10367    262.90317    256.09113   ...  264.93982    238.15448
   251.12244  ]
 [ 243.00616    242.03162    271.65585   ...  231.01575    272.95572
   256.5799   ]]
